000000000,-164.20558506718166,-191.20558515329105,-151.20558482059315,-185.20558514823807,182.91666251125832,-197.20558515632572,-163.20558505743762,-181.20558514266781,-151.2055848206058,
00000000X,-130.9653260521532,-139.9514699874864,-137.6401578803597,-141.84942935165458,193.81427950065256,-142.3937327822186,-130.13700512351681,-138.5265135761159,
0000000X0,-162.5408994039849,-161.54089939077625,-161.54089939087118,-161.54089939080717,180.90846150482847,-162.54089940392848,-158.54089934264346,-162.54089940396392,
0000000XO,-147.08240661213006,-167.08240720231368,-142.08240616933875,-191.08240728631012,172.5684943331157,-187.08240728218772,-232.0824072945491,
0000000OX,-171.0825290692529,-184.0825291142907,-95.08240540268902,-218.0825291305984,130.90994586309657,-185.08252911589523,-243.08252913111835,
000000X0O,124.71176077743814,-225.08263544362492,-94.08249870415658,-138.0826337651209,-98.08254378471544,-172.08263538787043,-262.08263544390024,
000000XXO,-31.347292970481327,-149.43393891676942,-14.997231715648319,-103.43387515432525,45.235463740032465,-76.43298111965863,
000000XO0,-147.0824058577756,-184.08240652346086,-154.0824062013915,-155.08240623364838,176.12639116115557,-212.08240653930977,-286.08240654033887,
000000XOX,-95.91272805679765,-56.90611192515064,-86.91252860761914,-142.91286345787032,88.39266686880669,-116.91284796785447,
000000O0X,-87.21255991736712,-153.21283134766128,13.917137219741404,-147.212831043685,21.91691223112531,-143.21283071232875,-176.21283168032954,
000000OX0,-143.0824061245878,-161.08240697452376,-160.08240695682264,-159.08240693725628,173.75329663266234,-164.08240701814876,-199.08240713908128,
000000OXX,-11.911226246862874,-145.50123231195457,-62.49737209385109,-72.49981299686054,44.002597420957414,-143.5012320995452,
00000X0XO,-41.90570743746938,-129.9359324357842,-115.93591853548716,-137.93593494118068,74.06582846806361,-103.93587572917392,
00000X0O0,-207.082407272986,-191.08240726629379,-150.08240676903557,-196.08240726960037,171.68917642980193,-149.0824067158549,-143.0824062564234,
00000X0OX,-112.35155588882782,-59.34629128447678,-14.911182286428575,-144.35158121617334,46.97164908795385,-133.35157905915182,
00000XX0O,-31.90576060367743,-115.9877017818099,-108.9876831746304,-100.98763787612637,64.07741499296692,-144.9877191265946,
00000XXO0,-92.04189289644738,-26.907343888137135,-72.0406071184244,-122.042084109776,58.968182163407235,-140.04209247235934,
00000XXOO,-3.3722930308126986,-54.00289502411955,-36.95226432574458,-29.88910662415055,29.638167748650808,
00000XO00,-141.2639638454586,-139.26396357505416,-103.26391047177758,-137.26396324477798,-22.082466895328597,-140.26396371701424,57.91423267736079,
00000XO0X,-35.23716058744061,-143.2959654364583,48.33164607446014,-64.29273990936832,-17.969746481727825,-124.29595863559157,
00000XOX0,11.360786768466049,-137.4813963938385,-52.47087842425361,-15.04680393408038,19.018818471616527,-108.48135965167278,
00000XOXO,-20.24406770456494,-44.5398762396008,-45.54264320604698,-39.520993462395644,45.068675917573685,
00000XOOX,-59.2740127013182,-51.26584297410009,20.529855755366675,-33.19061378967767,6.696150256760031,
00000O0X0,-165.08240778124176,-193.08240788720937,-166.08240779198883,-155.08240758738742,169.18999797298392,-144.08240697272123,-141.08240665037337,
00000O0XX,-89.20757563289946,-109.20780664617294,-115.2078229598834,-61.203448373066664,50.934675233942116,-18.91048104955677,
00000OX00,-170.08240808362203,-342.0824081520641,-165.08240803922746,-141.08240690835459,168.80178280779577,-216.08240815136466,-140.0824067775574,
00000OX0X,-67.13693504758561,-69.13737522172607,-84.13891957504586,-30.0406817267316,19.838219255598904,11.921947102727938,
00000OXX0,-134.44533527617085,-146.44533730151983,-36.392933923659584,-72.44390993856047,-13.962137821440338,45.01625567842056,
00000OXXO,-41.167820385549405,-61.202986806537474,28.552850839792008,-54.19741519188753,-1.2070856179640077,
00000OXOX,-38.213879061223416,-51.25362410750809,-77.26737109410108,-37.2081199821214,57.116823979607204,
00000OOXX,-39.14422783323633,-66.19064785896568,-100.19387267889638,-65.19029692938122,65.52006540819467,
0000X0000,107.67671921641767,8.818620502793223,-84.19089734314747,-85.9655681796466,-86.81837550636585,-83.21347136151091,-87.38271906500808,-87.33153382351534,
0000X000O,-342.08240617276783,-204.08240617048295,-163.08240603497,-193.08240616591038,179.96975659533612,-146.0824054184273,-185.08240615750654,
0000X00XO,-170.90562181888313,-147.90562114017382,177.10148261262492,-171.90562182608267,-171.9056218260804,-174.90562184381773,
0000X00O0,-194.08240625729877,-363.08240626350835,-222.08240626313167,-266.08240626350096,-244.0824062634631,179.8458713803277,-144.08240534214696,
0000X00OX,73.98291240959581,-91.93598563986752,-45.91593615410354,-54.92795976342746,-82.93568878642097,-72.9348291954221,
0000X0X0O,-185.905621943247,-162.90562179180287,177.7993836552053,-192.90562195174172,-147.90562120577707,-213.90562195909604,
0000X0XO0,28.564767250005488,87.98653527070485,97.16919730280037,-10.198547392522926,7.8409578439501715,-15.466862806889658,
0000X0XOO,-162.13705772870122,-173.13705788027727,170.6580656564484,-156.1370575419133,-149.13705712222665,
0000X0O0X,178.0870321058135,-160.90562162725894,-179.90562180209335,-153.90562141885053,-183.90562181223086,-158.90562158174362,
0000X0OX0,-64.93754747538719,119.91657864136334,-84.87621472888267,-67.83584227314697,-42.74326207138604,12.01352795631423,
0000X0OXO,-166.13705731188713,173.17816987505944,-179.1370574226809,-154.13705695853355,-154.137056958533,
0000X0OOX,5.820218560186634,-38.82620190699299,-13.233150328742232,-6.670382568138466,14.248594420339415,
0000XX0O0,-72.54188727529124,-142.54330029744548,-55.53555726843187,-5.445621391685538,28.073417363040786,-3.1853950964897004,
0000XX0OO,-216.13705833068948,-208.13705832943137,-192.13705832040378,168.78444511822974,-141.13705647632383,
0000XXXOO,-28.931097124386298,-27.911655393374517,17.781523277421122,2.426846986609046,
0000XXO00,-152.90562142571062,-205.9056218809601,-197.90562187816084,177.28735095592816,-159.90562165603993,-156.9056215765497,
0000XXO0O,-214.13705726398175,-228.1370572649263,-238.13705726512015,175.84476765356257,-148.1370563438742,
0000XXOXO,-3.071021761423549,-3.0710217614235025,-31.116584816312127,14.690012790709005,
0000XXOO0,-80.67278047465292,-105.67350017631865,-112.67353257470616,42.8460765192186,-15.137985210520341,
0000XXOOX,25.252375500484526,-20.756189825088565,-22.831721969202086,-8.880692002309258,
0000XO0X0,-47.122281304484915,-17.808808661038295,25.720271106683207,-137.14023243726996,-52.129349242479925,4.615703651422576,
0000XO0XO,-89.92868006888857,38.82298139397449,-11.140342710431945,-94.92880233195922,-68.92645305709999,
0000XO0OX,152.9002084604508,-159.13706524915622,-127.13705803187253,-159.13706524915594,-147.13706453759147,
0000XOX00,60.83760558513188,55.0184558988304,51.04409433619921,-120.97728596122266,-84.05896746722323,-33.152536985863726,
0000XOX0O,-169.13705725028535,-151.13705668055027,174.94139847016834,-169.13705725028424,-170.13705726102137,
0000XOXXO,-111.01403810766264,-102.01396468388847,118.63427451281322,-114.0140511454687,
0000XOXO0,-148.1370569899298,-186.1370578906786,171.08853079129983,-180.13705787373286,-154.13705740563617,
0000XOXOX,4.578393062706665,-1.023247601290226,6.148467675792357,-20.22215366884744,
0000XOO0X,176.0408401214538,-161.13705703909307,-180.13705725263478,-158.13705695124384,-160.13705701268424,
0000XOOX0,-158.13705702398045,175.78961519821854,-176.13705730690248,-173.13705728729974,-155.1370569053957,
0000XOOXX,22.744476102852662,-4.833648213786541,-48.67755611138873,-16.05532830392648,
0000O000X,-135.59188344587466,47.431265040570366,-16.269591733735655,-63.5890005657575,-68.59013583739808,-22.4162943126882,-75.591016731615,
0000O00X0,30.484344735017174,-111.5868456421986,-3.4736179962068103,-65.58450620446607,-62.58367928997302,-9.991295868674417,-9.9912958686767,
0000O00XX,-211.90562190737282,-234.90562190849974,-149.9056212910205,-159.90562168142293,-163.9056217563281,177.29045124431985,
0000O0X0X,-172.90562164918657,-158.90562146000914,-188.9056216986036,-157.9056214336001,-156.90562140441398,178.2214715723876,
0000O0XX0,-152.90562142226634,-270.9056218797947,-228.90562187956962,-158.9056216287003,-157.9056216022895,177.4125272202981,
0000O0XXO,67.91088759669259,-62.17692208986203,-67.17888318608803,-48.16168152247717,-50.1653505351574,
0000O0XOX,-41.301030212588806,52.67820716883291,-37.281237783085864,-36.274915566541765,-42.304855307451625,
0000O0OXX,-47.19173427211178,-62.209048425675384,62.49506048836429,-47.19173427211151,-45.18679435887215,
0000OX0X0,-150.90562122683878,-237.90562178557508,-158.90562153457262,-228.90562178544195,-166.9056216728452,178.075712171804,
0000OX0XO,65.76126738652403,-57.18442239419011,-42.155789602876155,-57.18442239419031,-70.1903946228195,
0000OX0OX,-122.1390133393324,-72.13718487701638,99.1883117348111,-133.1390216134109,-100.13891380841878,
0000OXX00,-166.90562173878317,177.502814180126,-235.90562185149847,-233.9056218514739,-179.90562182086086,-146.90562101792943,
0000OXX0O,111.21625259208398,-87.13723715261638,-118.1376294273716,-100.13753598345305,-108.13759763059893,
0000OXXXO,172.8497031928111,-166.01387789197412,-181.01387805168557,-154.013877414998,
0000OXXO0,-20.21251581003275,45.817526676278035,-49.52071611534842,-58.53119764716625,-39.490304657464605,
0000OXXOX,-188.01387801953356,172.45146485665802,-151.0138771209535,-186.0138780144902,
0000OXO0X,-101.1385396378035,-85.13813924329509,101.3626489039948,-90.13833664196048,-82.13796372021783,
0000OXOX0,-18.314423529853176,-78.70611456439015,42.223402019416994,-38.6548237051212,-30.59042043588405,
0000OXOXX,-167.01387795950953,-181.0138780996566,172.3056648799602,-153.01387739118394,
0000OO0XX,-138.13932712305876,-130.13932405436802,-119.13931288586637,-70.13708121213381,97.75315736970319,
0000OOX0X,-100.3376054988337,-97.33756710806458,-135.3377119166174,-25.137322844081382,52.849788548984804,
0000OOXX0,-83.18685701513252,-144.18746541952595,-127.18745930096973,-39.137678102914194,66.7391568462307,
000X0000O,-84.82317844947818,-151.82352318222544,-143.8235226615413,12.917034890467319,-139.82352219651278,22.91667175188361,-149.82352308815587,
000X000XO,-29.775235340566233,-144.87655682173704,-8.017449910462544,38.92577116539191,-73.87532007643937,-140.87655631947354,
000X000OX,-62.923050246108474,-47.910156278108765,-77.92592501197754,77.68043639532122,-146.92674970870004,-145.92674962120583,
000X00X0O,16.290158140938434,-118.73966834410395,9.391875521707087,-1.0900956444863041,-37.69365498241603,-144.73968124779955,
000X00XOO,61.371334227726265,-52.20963309065752,-64.21906622659202,-36.156103157738784,-75.22177699427543,
000X00O0X,-133.9390425033547,-125.93903876690479,-40.90564182031375,73.08812140082509,-121.93903542974074,-145.93904463388645,
000X00OXO,-67.58434726617334,-47.56578509333658,-18.189775694774085,44.64364100774187,-45.56102658798886,
000X00OOX,-12.68418606324823,-21.064103409149496,9.702200998550556,13.280959259192922,-24.14263343028324,
000X0X00O,-121.92225686597229,-162.92226683736322,-154.92226663142714,80.0676812107152,-47.90566529494249,-109.92223334127466,
000X0X0O0,-149.90570047072833,-110.90567057727,-154.905700713736,133.42843867162665,-107.9056599026861,-124.90569356440295,
000X0X0OO,-82.22769089682077,-102.22827122265323,-140.2283600189491,60.77853174949992,-33.13782735784677,
000X0XXOO,-27.047726102345592,-49.24403459083781,-59.25933507323576,47.574900872210996,
000X0XO00,-165.90562861564055,-181.90562871515752,-133.9056256813103,156.64913948609984,-145.90562781897123,-131.90562500403394,
000X0XO0O,-153.1371816335086,-151.137181509783,-149.13718135866424,126.69662350695731,-99.13705846388368,
000X0XOXO,-63.02284627865621,-77.02744628872426,-61.021494070044774,75.95204295225902,
000X0XOO0,-159.16207801750625,-106.16201703467034,-94.16187483612623,73.75630550052382,-46.137322129123504,
000X0XOOX,-64.84505902487042,-22.505017780277925,-19.38140238491044,35.37895839699741,
000X0O000,0.6692611288656005,-148.97064011087275,1.8584571145869377,-134.97063838433422,25.356859666227848,-147.9706400514396,-37.93317633897966,
000X0O00X,7.901102790151446,-39.71275395674735,-30.657576790614208,10.92783707540506,6.4902514772183695,-18.438881985291246,
000X0O0X0,-106.11701799025414,-135.1170645324204,2.0853143502292215,-59.111650651960005,-70.11526454183615,30.057670445685304,
000X0O0XO,-31.28050991034909,-51.374751893391846,50.53109549469417,-31.280509910349092,-49.37150089688779,
000X0O0OX,42.063953611050394,-45.690083389429496,-66.71280400655053,-16.23470659936501,-36.65217786341377,
000X0OX00,-19.887525119879278,-127.15757175994023,17.502971297047583,-86.15721530535183,-96.15744442620445,13.60761244683757,
000X0OX0O,73.81431765919831,-147.16193275017503,-46.13717721327966,-101.16183271615539,-118.1619153058574,
000X0OXXO,-37.0176114590955,-117.09951428398611,58.54227370484735,-68.09586516903974,
000X0OXO0,35.0683563976661,-26.0876557291067,-26.087655729106732,-13.651220303458398,-31.159818048863386,
000X0OXOX,4.700941818538688,-16.9816339153531,-27.36001833794303,13.947665881802722,
000X0OO0X,-2.2188221384236573,-5.724819590217065,-20.73460680641208,21.243812647021176,-46.01909078184797,
000X0OOX0,-38.54309456185639,9.319780080434379,-2.8775356448914313,11.010827867088725,-25.40069124540547,
000X0OOXX,-45.08596129770969,-50.10039632906932,-42.073108662002916,56.146435394273084,
000XX000O,-233.90562177937403,-209.90562177798245,-149.9056211619076,178.1500218337624,-158.90562152841343,-175.90562173364017,
000XX00OO,-118.84823753881645,-137.84825219650816,-95.84808286211927,21.862325203906707,5.8626657381597225,
000XX0XOO,-12.685791322092507,-14.854292085731238,16.45048638927591,-2.2143723435000173,
000XX0O0O,-142.7275252478798,-98.72739792810879,-122.72751513675968,41.86046364273472,-14.137207213402492,
000XX0OXO,-51.45671340997844,-21.079123908197044,-43.4328909233487,41.496835968080475,
000XX0OOX,5.071146263290128,-16.726942608066423,-17.786318903367505,12.24876382910606,
000XXO000,-75.03599038894632,-125.03708509724596,20.09109242368492,-92.03689119030314,-124.03708431627723,12.092175863648515,
000XXO00O,-48.59758024699386,-40.5737999093878,43.98995904152124,-25.42212221164453,-24.401410470656696,
000XXO0XO,-194.01387803772133,-152.0138772165424,172.9812143551478,-176.01387797459296,
000XXO0O0,0.7231105316905917,-78.65623152434986,-9.756630521717437,9.219812257243843,6.140781145518618,
000XXO0OX,44.32453015444858,-58.354490916015216,-33.2449717607323,-27.145853632648034,
000XXOX0O,-157.01387763478743,-160.01387776584295,172.34525945581692,-173.01387803835038,
000XXOXO0,-18.31179584362791,-41.781142310132324,35.606233235292535,-26.60165720480712,
000XXOXOO,-26.070776614853468,-77.43072078310706,39.8706894395815,
000XXOO00,-41.61878976638861,-31.55164525143915,-52.64473784009943,-19.301262162465132,43.15503145848293,
000XXOO0X,24.84006203162598,-12.319088756023843,-46.214372343523294,-10.101433937035049,
000XXOOX0,-26.938452162501,3.8135907379539447,-10.00520963168599,12.620853418022623,
000XXOOXO,-131.1183199664435,59.92943732887813,-46.06853835070973,
000XXOOOX,55.298647132219294,-44.08687440270644,-56.12931056041842,
000XO000X,-176.90562176414258,-165.90562168096022,-154.9056214310553,-227.90562180539763,-154.9056214310558,178.15658767314164,
000XO00XO,60.85679861308969,-86.22720351917566,-52.21416334738692,-69.2251903756999,-35.153585568526125,
000XO00OX,-54.162612466873156,69.93135812585572,-50.15714713368836,-58.16627431778955,-74.17221369678782,
000XO0X0O,155.6561941370856,-154.13706283200617,-136.13706027863736,-137.13706056974164,-152.13706272005314,
000XO0XXO,172.93912763228587,-183.0138779696199,-166.01387780159342,-154.0138773246179,
000XO0XOX,-152.0138771312623,173.08007460271497,-182.01387792343624,-183.01387792738586,
000XO0O0X,-111.13792910953921,-94.13776239419698,106.90917507129996,-85.13746465899929,-96.13779936954452,
000XO0OXX,-169.01387793671668,-161.01387775006663,172.19810386007038,-157.01387758336378,
000XOX000,-152.90562136649228,-170.90562174839266,-157.9056215465166,177.7849184646795,-167.9056217219337,-177.90562178646644,
000XOX00O,53.068427491368595,-61.3279932154076,-75.3320805266782,-26.152190712832212,-57.32532409973036,
000XOX0XO,172.77481439346332,-219.01387806346872,-190.01387804584513,-151.0138771431352,
000XOX0O0,-30.44383157135691,32.625091842775916,-41.52294893797047,-12.89643195860876,-15.02044958751507,
000XOX0OX,-226.01387805925899,172.65248739166367,-151.01387713840876,-185.01387802902002,
000XOXX0O,67.24640145846355,-47.01962849171665,-84.04909508695708,-65.04485315374185,
000XOXXO0,-25.016330705175676,46.89671561631445,-86.28523997417098,-75.28404456099213,
000XOXXOO,80.92139902605057,-67.0685343545077,-136.07463885461587,
000XOXO00,-78.55624458055502,-51.54278725013074,45.34924733018105,-31.45012293336725,-21.26338976292636,
000XOXO0X,-171.0138778698914,-156.01387743575197,172.84317215841543,-164.01387774348424,
000XOXOX0,-160.01387772318236,-205.01387809361827,172.81148772572348,-156.0138775389475,
000XOXOXO,3.569279216893321,-31.612080639085548,9.445598289862696,
000XOXOOX,-142.0776428589384,-63.06853157514368,76.92776505727353,
000XOO00X,-8.851639936056548,-19.483365041755672,-27.677656910246526,30.74361183340542,-29.70607674166206,
000XOO0X0,-0.6491429790782708,-59.74772409568932,1.8835123013107813,1.8835123013106791,7.490362652519895,
000XOO0XX,-77.08436221742977,-69.08252772854583,-39.018737888800906,60.28938997843204,
000XOOX00,55.80483330549364,-76.28554408657722,-71.2847552697053,-46.262310850148296,-30.16507340795137,
000XOOX0X,-16.749197401662066,-15.683310978762142,-52.337125809849866,30.399731503089917,
000XOOXX0,-1.2713722326378885,-57.83492563752249,-28.657151090914425,22.155572798559575,
000XOOXXO,80.93010800934236,-156.07463885462326,-67.06852902808185,
000XOOXOX,38.929630917116754,-25.068603239698152,-111.46806152602487,
000XOOOXX,-37.21737074111971,-35.190554040477465,42.95008311178396,
000O0000X,-74.3038940352131,-176.30488221059912,-145.30488143199125,-20.08366770390917,-88.30463856628941,55.86131916931368,-136.30488024192255,
000O000XX,-51.96640706223306,-151.97747069187815,-146.9774703661966,-34.91675626883645,-135.97746870732306,65.41598575558635,
000O00X0X,-69.33748446480932,-68.33727951787725,-98.33932575593371,47.25397816384948,-20.074312065610673,-25.179469295160956,
000O00XXO,-83.24726786855125,-46.223329522345516,-41.207374740890344,58.83203317838918,-40.203105852289426,
000O00XOX,-57.51843379801264,-41.48698824786749,-20.200118662564993,26.960287116435914,-1.594068307157619,
000O00OXX,28.321327155801058,-72.2503864205909,-39.20273996741081,-1.26047523978567,-39.20273996741062,
000O0X00X,13.064864666532632,-128.4661330555545,-5.359467044935837,-54.457512852043415,14.873526731722485,-91.46592516317278,
000O0X0X0,23.38725984828312,-75.84023075984913,-47.824510855037104,-26.703744838294064,7.770450402167761,-33.773202132929654,
000O0X0XO,-6.669294035096216,8.864918460428576,-37.819814745916425,12.307249651076114,-17.449214542648505,
000O0X0OX,-30.17848038496817,-54.289041107205264,54.95042288607146,-48.28001859668627,-55.29008496288894,
000O0XX00,-30.739096996835524,-62.8274161751055,12.438544360467485,-19.55201248910527,-61.82702319172996,18.21888724330954,
000O0XX0O,-33.30075230691343,15.269778001228255,-9.463702838130274,8.052701129460601,-33.30075230691358,
000O0XXXO,-54.16892466464216,-34.07389683542611,-43.13921272800875,51.655936607077656,
000O0XXO0,-50.297666653203265,-26.132421478839944,20.431922908965745,3.802353635343194,-14.758262224268941,
000O0XXOX,-24.903482351336983,-42.126771093400734,-5.400986951007731,25.20050899415351,
000O0XO0X,-31.13743973787278,-127.24790553356615,58.828494371773935,-88.24754536247937,-133.2479088908766,
000O0XOX0,43.701678634359446,-41.59166167697764,-18.23491861499687,-40.58755375716895,-53.61891388389146,
000O0XOXX,49.18188217510195,-92.23054745344112,-28.030814664867705,-53.21460443853183,
000O0O0XX,-101.15131335202541,-100.15130271328525,-122.1514021209682,-1.1373320076468474,28.861708432492122,
000O0OX0X,-102.81559394709318,-83.81510695168556,-100.81557498444718,30.858005591837497,-3.1379586656381364,
000O0OXX0,-108.41021273001851,-91.40999373213369,-65.40665351065698,-6.141512665485703,33.83006271192556,
000OX000X,70.0908876537529,-139.95069902370656,-125.95069391762044,-143.9506995746941,-37.90563664790716,-126.9506945625717,
000OX00XO,-26.294430312913875,33.31604284926336,-36.407754911337236,-29.341051049082864,-9.555038652146758,
000OX00OX,21.590188023302463,-36.871006593245994,-2.085784064053069,-21.6506024537522,-6.733388273690075,
000OX0X0O,-53.5718986813488,-22.31890008468841,32.46446330389295,-21.29064141952874,-10.766156673243687,
000OX0XXO,-47.41437316725459,-32.312585047381894,29.715157058681953,-9.195630764114975,
000OX0XOX,0.3641054533696675,-25.344063392913412,16.387514758110598,-12.711094787238913,
000OX0O0X,106.44603791533486,-101.13790821486013,-90.13770520619849,-87.1375987418172,-98.13787277679153,
000OX0OXX,147.73323374239183,-133.01388305108574,-135.01388406146245,-147.01388725047818,
000OXX00O,-210.1370573248418,-177.13705727601553,-175.13705726479148,-149.1370564930313,175.57614017398575,
000OXX0XO,-81.01621998430693,90.98936308648541,-85.01655300738159,-76.01556465229179,
000OXX0O0,-19.36878478167355,-71.72090686036955,-0.6105557494674194,14.566728336340207,3.2481200311980207,
000OXX0OX,22.909843593652923,-42.61752854551041,-17.07773151980825,-4.786915870081858,
000OXXX0O,-28.501263935685976,-30.536149917544677,37.55192251526036,-23.37540826953297,
000OXXXO0,-24.812083488600322,-59.07801815611788,32.76415186478318,-14.321158964246445,
000OXXXOO,-26.250027473578523,-33.43072078310705,35.89961131674477,
000OXXO00,44.73232409415061,-45.55712896675942,-67.5804587256361,-49.56578509333671,-18.185730624647075,
000OXXO0X,172.265264551497,-169.0138779778614,-153.0138773758157,-175.01387804657725,
000OXXOX0,172.89654941359856,-154.01387744527733,-182.01387808633044,-166.01387792225356,
000OXXOXO,-142.06852821377572,155.8706894411033,-193.06853157390697,
000OXXOOX,5.931061018484678,-100.51249479513606,7.931017816607284,
000OXO00X,172.97535682423208,-153.13705706153274,-173.13705754473602,-155.13705716283164,-167.1370574825587,
000OXO0X0,-2.2813416926281116,10.15014648313873,4.100920705582563,-9.14117766765648,-13.46623399136445,
000OXO0XX,5.327283849113847,-34.059846136737306,-23.868009371635548,14.921981843892627,
000OXOX00,-190.1370573368683,-190.13705733686794,175.5855104437962,-156.1370569366901,-154.13705684503,
000OXOX0X,-15.853564605683756,8.06154783756983,3.292979073176711,-3.3816919665296474,
000OXOXX0,-15.0975007445428,-22.461582229022497,15.844927422545421,1.45182115415591,
000OXOXXO,-86.80929803620131,1.9301080093358902,11.92922338514631,
000OXOXOX,11.950083111783504,-8.941881445554845,-6.478612732730436,
000OXOOXX,12.930917304978955,0.931167485399983,-101.44340769925921,
000OO00XX,-94.30252774340659,-132.30272390012342,-77.30163001775976,-27.138381517643985,54.783297675175675,
000OO0X0X,-135.19251624432937,-89.19218513006511,-100.19240827012501,-38.13750804514399,65.78140235847769,
000OOX00X,-45.781998517999405,-40.765323233086946,25.700794835914003,0.5325999753954282,-25.61654438713986,
000OOX0X0,-15.979551023833826,-64.46898788018433,-13.866939460790652,-26.294257125186675,33.31740317955155,
000OOX0XX,-43.071429188422556,-62.10954644639536,-11.071094904039233,32.48121524298771,
000OOXX00,-33.411135593341115,-12.829131149796325,-24.281128328876367,-20.172084765084392,33.109081414058934,
000OOXX0X,-41.573153013400756,-25.364787049225637,-24.3370027854587,38.62635078838319,
000OOXXX0,-33.0190714482452,-69.13772152281224,-75.13921635031943,54.571639630371024,
000OOXXXO,47.519933058278845,-37.118319966443764,-46.19055404047748,
000OOXXOX,-92.784975114077,-19.069029928633956,32.92471869858353,
000OOXOXX,-53.068541903982506,-128.09328504577832,66.92594249084674,
00X000X0O,-90.9056229825206,-156.90584812262432,-148.90584774676682,123.00135883646077,-150.9058478704912,-150.90584787049266,
00X000XO0,-144.9056306472137,-125.90562485749622,-143.90563054012415,153.4851408648253,-145.9056307441137,-145.90563074411423,
00X000XOO,11.884426685420985,-16.644246838993762,-39.05644490685631,13.786867349246679,-55.09652500208845,
00X000O00,-126.08240537079824,-205.08241094263397,-230.08241094452856,-222.08241094432086,-220.082410944238,-243.082410944665,161.91199709536335,
00X000O0X,42.92710571676111,-52.74234190246034,25.564218503081264,-48.5030471882293,-3.8215932449447654,-106.63898415690313,
00X000OX0,49.00645866775843,-89.27068870538199,-17.9439035604151,-40.235238426067845,-76.26998000041058,-100.27086582194033,
00X000OXO,-1.9998731364761957,12.334252194811594,-14.279859671569685,5.842668545546168,-47.841174790442636,
00X000OOX,-155.13705690668422,-167.1370572264129,-164.13705717819954,-161.1370571131194,174.7244595010113,
00X00XXOO,-41.059032479639804,-43.068982309998106,-105.11370858838,56.995602556702416,
00X00XO00,-109.90572436719444,-155.9057577479977,-144.9057570686946,-146.90575725327187,-98.90565678688183,128.06006540012004,
00X00XO0O,-29.333192440821357,-54.45458149250656,-42.429516844324546,-28.319189626046246,47.86219311755909,
00X00XOXO,29.292979073117596,-32.370613480638994,-12.596988631051293,-21.104702700743488,
00X00XOO0,-108.13792961913057,-103.13789698829125,-86.13752595149181,-89.13764361362044,106.76140171535033,
00X00OX00,-145.90563353140058,-146.9056336190803,-121.90562429645345,151.19029847568459,-146.90563361907925,-146.9056336190805,
00X00OX0O,-0.29019413053621657,-48.44460028246112,-32.366501743067175,27.255960018515047,-61.458906376599074,
00X00OXXO,-32.01845993000944,-110.15311707200637,-66.14870526821365,53.653873944321255,
00X00OXO0,-46.579602107287435,-28.459129571109465,-21.31083545185969,44.28548928010693,-84.60275924197256,
00X00OXOX,-86.04493073060455,-48.018196450705375,-68.04184524913813,68.52171780174258,
00X00OO0X,174.05798756313362,-182.137057428648,-153.1370569005639,-154.13705695374284,-195.13705745101748,
00X00OOX0,11.715060616211638,6.81642100161948,-3.5909451259651592,-11.433296548422874,-68.19729702968466,
00X00OOXX,-12.285830430273775,-72.21437234352413,24.992409741354834,-10.06744254732191,
00X0X0O00,177.3314179170956,-203.90562184858737,-155.9056215124281,-219.90562185081535,-157.90562157386927,-154.90562147678102,
00X0X0O0O,-83.1949760932872,-40.15058202645847,-53.18334059131332,-83.19497609328737,65.24184812890792,
00X0X0OXO,-34.93797963001554,-13.184471118744183,33.24943105103586,-40.983573769073445,
00X0X0OO0,-41.167630921776585,-92.20804370661585,-55.19827977145744,-48.1881205181045,63.270906499059066,
00X0X0OOX,37.43313362004264,-58.69063926826008,-31.55905257440036,-18.17264369783362,
00X0XXO0O,-196.01387797178432,-219.0138779809931,-151.0138770606593,172.86463606431386,
00X0XXOO0,-91.02501482018451,-132.02537994968435,-57.014254969483034,78.65248739170627,
00X0XOO00,23.402107240073473,-7.253114845685083,-49.3778035362216,-2.6393366986507747,-35.322884755170485,
00X0XOO0X,75.30583014984074,-65.02495921870572,-58.01989021344062,-81.02894811947496,
00X0XOOX0,18.086040186484173,2.571639630371032,-34.91165539338191,-28.827817832717827,
00X0XOOXO,-11.082660974228059,15.487505204863774,-9.90753560328396,
00X0XOOOX,48.95008311178346,-43.150488867782855,-41.13568167929145,
00X0O0X00,-158.90562150567757,-160.90562155119392,177.85787725132369,-166.90562164395178,-162.90562158845958,-160.90562155119446,
00X0O0X0O,69.65130988381462,-43.14136537545056,-64.1706720447576,-97.17460425486547,-106.17469359947927,
00X0O0XXO,172.21111434908215,-188.01387804949223,-159.01387765827909,-156.0138775134396,
00X0O0XO0,-29.14220018629181,56.490761968772425,-67.27391096285906,-71.27489801997768,-104.27683064466946,
00X0O0XOX,-232.01387798627837,172.8726437967395,-196.0138779763235,-151.01387706519813,
00X0O0O0X,-152.1370567321898,-165.13705718147793,-175.13705728787545,175.55753287933248,-170.13705724770637,
00X0O0OX0,11.656194130712496,-17.820530975682335,-15.726943474710138,1.2648844969008333,2.56780604144345,
00X0O0OXX,-169.01387789181376,-179.01387798808577,-153.0138772897686,172.54748812959923,
00X0OXX0O,172.18159035699105,-151.01387722056674,-192.01387812665655,-178.0138780800052,
00X0OXXO0,-91.05894534199291,64.90325547466153,-136.0593112563724,-43.01425293869215,
00X0OXXOO,4.931287224963061,8.931246358761708,-108.0499168882163,
00X0OXO00,-47.14080174657382,-71.16116735125073,-109.16315153034063,-73.16153528185937,73.3184004556034,
00X0OXOX0,5.911828408861817,-59.79252489543774,-44.763111109801685,15.863925512393102,
00X0OXOXO,59.78262925887969,-46.06927668468696,-88.11831996644383,
00X0OOX00,-50.24449937971607,-59.25424943629088,57.71222511290554,-32.16114682680791,-81.26018455866902,
00X0OOX0X,-228.01387798028745,-198.01387797232476,172.8910946949779,-151.01387705934505,
00X0OOXX0,-170.01387796679091,-216.01387810321202,172.44209833200256,-152.01387727091705,
00X0OOXXO,-7.069276684686822,-90.27270229358491,20.92843687480564,
00X0OOXOX,-36.10038868325513,-0.2689258670045147,13.531938473975092,
00X0OOOXX,-62.07305544127654,-70.07860097394283,72.22046514612023,
00XX0000O,-61.45200812654039,-125.45628757752881,44.80975585171369,-157.45629440812766,-15.02058358272455,-29.350600176870934,
00XX000O0,-122.10911913295479,-77.10823321977246,54.938792743024635,-146.10912818187845,-68.10692546849302,-22.90879436528413,
00XX000OO,-52.17607197812288,-61.18411014803741,-43.15627373665703,-101.18951274311057,66.32105057553228,
00XX00XOO,15.560103075847964,-13.052469234927113,2.707970168963073,-62.91145306780534,
00XX00O00,-117.97548891997837,-90.97528008404922,-66.97303579966015,-113.9754815200063,-33.908368870435716,65.69458388394617,
00XX00O0O,-28.465696992993806,-41.57070497175961,-6.367697301138476,-48.590385904834214,32.27239406689536,
00XX00OXO,-35.24715181572313,-27.126072835329058,44.902499255438386,-56.33295798056719,
00XX00OO0,-80.43271638367798,-25.235056869661456,-44.404085051757846,-36.36789338602263,48.898521879608836,
00XX00OOX,-18.26676625888948,9.363821567940438,5.930410932792489,-9.586661884204263,
00XX0X0OO,-57.88950743825804,-72.89743145826267,-0.030502357476135167,21.936260870544693,
00XX0XO0O,-50.853572777951264,-84.87348695843254,-5.03945912585184,26.8600502042096,
00XX0XOO0,-107.01910744923536,-72.01669829661147,-71.01643699949518,86.39973150309345,
00XX0O00O,2.1818349752598567,-14.981937298132422,-9.612675291140597,17.23080203921022,-18.125737955871372,
00XX0O0XO,22.688774826174853,-14.99883336049505,-7.2148018546167805,-24.430793600875617,
00XX0O0O0,9.925510659988698,-39.180219991997845,-8.183597417828425,13.54296388894657,-56.220759113672656,
00XX0O0OX,-23.81289640925626,-17.55633482592578,32.480119866435125,-27.913959813516147,
00XX0OX0O,14.931031256415448,-52.1480731869794,6.94916034718542,-67.16213882694187,
00XX0OXO0,-15.57139188648375,-21.8834148581045,31.265362833903474,-31.102742073815293,
00XX0OXOO,-17.19868071840001,8.917339025771902,1.5376042227698663,
00XX0OO00,3.72012526479655,9.68473393227762,-22.103825718058097,-16.924380466676595,3.7201252647965477,
00XX0OO0X,36.6418789833773,-21.368636473004123,-23.43969738930091,-48.72903839071343,
00XX0OOX0,-9.819730133753268,26.161248951728627,-15.299318276548288,-53.981218082515035,
00XX0OOXO,-42.093285045777726,53.05811855444478,-53.14271813588729,
00XX0OOOX,30.950083111783464,-25.554401710137938,-23.468061526024787,
00XXX00OO,-110.0143999260375,-100.01430440246969,-91.01408382951341,108.56404998624909,
00XXX0O0O,-196.01387796832256,-177.0138779101253,-152.0138771448777,173.0844042828141,
00XXX0OO0,-94.02502236125405,-124.02528372128279,-57.01416618322654,78.72988949949858,
00XXXO00O,-180.01387804804753,-174.01387800636803,172.40230669057448,-152.01387726506186,
00XXXO0O0,-55.149552380228705,-82.1620629876282,52.96961534023364,-32.02838450769369,
00XXXO0OO,-62.075281301417405,-66.07860097394385,70.80131928160141,
00XXXOO00,-17.41256037971947,-25.729267431845678,18.184164151054368,-0.13794691664632097,
00XXXOO0O,-76.16854471495678,-39.07101305391952,52.68724334626235,
00XXXOOXO,-162.0,162.00000006318146,
00XXXOOO0,-42.07101305391997,-76.14271813588758,55.60318710135048,
00XXXOOOX,150.00000002681392,-150.0,
00XXO000O,86.71438967076875,-83.14329809630111,-131.14390549008138,-76.14267720158922,-62.138908193798954,
00XXO00XO,69.60211617890019,-69.03895788098102,-54.02730058038102,-58.03224924442609,
00XXO00O0,-102.13718998423909,120.87147486649435,-136.13727858451801,-128.13727483564224,-99.13715791625093,
00XXO00OX,-175.01387800439286,172.62938656061584,-152.01387725429615,-183.01387805042,
00XXO0X0O,99.73307810987563,-81.01426555387698,-122.0152591150068,-91.01490419950571,
00XXO0XO0,-151.01387713645403,172.67635581547947,-201.0138780516061,-188.0138780350351,
00XXO0XOO,101.92594249084742,-88.06852860837652,-163.06927668466898,
00XXO0O00,-9.405663618560284,15.383899901354368,-45.31005013568906,-16.885315312373756,6.612522286501306,
00XXO0O0X,-23.149703695912187,3.3523602572278843,14.184164151055306,-14.737852579634763,
00XXO0OX0,172.65360826812298,-190.01387805794218,-194.01387806409107,-151.01387715523256,
00XXO0OXO,64.56927921689248,-51.06964479014333,-84.09875800370824,
00XXO0OOX,-88.77953485387806,14.929223385146427,-1.0695385373776112,
00XXOX00O,172.83269830408142,-172.0138778460264,-177.01387789042042,-153.0138772045085,
00XXOX0O0,-247.01387812753794,172.98507399119327,-253.01387812756604,-151.01387720624066,
00XXOX0OO,-13.443407699256621,9.798854930422952,-0.9075356032803439,
00XXOXXOO,37.00000000000004,-37.000000000000085,
00XXOXO00,-175.0138779326847,-181.01387797039655,-152.01387718258823,172.54267762166057,
00XXOXO0O,-7.250027473578938,-35.272702293585276,20.215024885921487,
00XXOXOXO,162.0,-161.99999999088243,
00XXOXOO0,-156.07305544127146,-70.06852902807667,83.92963091711556,
00XXOO00X,-172.01387796040325,172.70439358284955,-169.0138779209298,-154.0138773906697,
00XXOO0X0,172.68937282779092,-175.01387797803548,-156.0138775027861,-162.01387775492503,
00XXOO0XO,88.79885493043135,-88.07056267112118,-78.06927668468626,
00XXOO0OX,-42.07353145689417,55.281036187833294,-69.14271813588715,
00XXOOX00,172.24001491925225,-177.01387804473006,-162.0138778064694,-155.01387749555755,
00XXOOX0O,60.000000000000924,-53.09328504577725,-53.09328504577726,
00XXOOXXO,162.00000000069875,-161.9999999990151,
00XXOOXO0,22.93023778370221,-9.06877735139387,-100.90753560328388,
00XXOOXOX,-161.99999999088243,162.0,
00XXOOO0X,28.531938473975153,-15.113592312393052,-48.11936139208744,
00XXOOOX0,26.633967622873204,-13.109312627106245,-49.33780830483019,
00XXOOOXX,0.0,0.0,
00XO0000X,-46.33309636008065,-137.35252036744345,24.97256585764495,7.044674406645886,-48.33662052959134,-140.35252092912506,
00XO000X0,-10.939698932191357,-152.5879914909935,42.59892098297974,-86.58764477200025,-41.55669040340584,-88.5877077079993,
00XO000XO,-10.40900666269684,-8.211607623512068,28.306530123118428,-43.221907170673646,-35.18116457782441,
00XO000OX,-25.428601568347176,-20.30024078765247,-6.383020711561114,26.51221495570794,-15.084944469119467,
00XO00X0O,-53.166762182714976,-49.16072438858162,68.57559475263419,-54.1679300075929,-92.17877914647292,
00XO00XXO,-73.01728362760468,-91.01915978236707,85.76276784974736,-70.01649714648987,
00XO00XO0,-44.491116149648,-8.5056234876771,32.94492154286591,-21.225369302901534,-58.513108169190275,
00XO00XOX,-59.08639256382207,-44.054823286323455,17.837071396393775,3.911828408862064,
00XO00O0X,-138.13705640970167,-191.13705890171542,-183.1370588863939,165.69510304991073,-209.1370589121515,
00XO00OX0,66.75174913808094,-55.17737123490296,-55.17737123490299,-46.16271000751938,-61.18189892603628,
00XO00OXX,71.84747582969712,-124.03657942440304,-63.030492584299196,-53.02000147474786,
00XO0X00O,-8.92426598978841,-15.37599283787329,-29.77277486285301,30.328862930481417,-38.848051279947015,
00XO0X0XO,30.14953483830771,-53.37061348063897,-20.98600759986774,-12.472072840130732,
00XO0X0O0,-18.833948606664475,-41.16641707450657,-64.20301259376465,-13.584223866125116,35.672183935603634,
00XO0XX0O,-29.025233862946358,-57.19559778444537,50.384197841747095,-96.20630784103253,
00XO0XXO0,-18.117384727850013,11.590675224466523,6.1585941869872425,-18.117384727850055,
00XO0XXOO,9.798854930417274,-13.443407699259335,-0.9075356032840076,
00XO0XO00,-52.13706701330609,-130.1506558682982,-148.15066051451768,-133.15065731098898,79.85513663090514,
00XO0XOX0,85.70928730728775,-100.01941055503644,-136.0195574666305,-64.01403236459949,
00XO0XOXO,49.603187101350684,-36.073055441276416,-70.20330149856062,
00XO0O00X,-59.146204415085094,-69.15046982013094,78.29837773993479,-60.14684666677974,-84.15239769862853,
00XO0O0X0,-42.16304906708183,-55.18984408766993,64.53418649698673,-51.18491242965292,-79.19895530252334,
00XO0O0XX,-61.162920639223664,-97.17007251341259,52.48729924589611,-31.021544026607828,
00XO0OX00,-27.47209169099161,-32.53495357306131,43.69233425481287,-35.559958541228404,-27.472091690991512,
00XO0OX0X,-109.01482958127627,-97.0146870409267,102.95093684914147,-84.0141425469393,
00XO0OXX0,-125.01409443248653,-111.01405653363273,117.79818404398813,-99.01393982259405,
00XO0OXXO,-85.06898218340095,-93.06953853738567,95.22046514607601,
00XO0OXOX,-78.0700354115706,-81.07056267113192,86.38791936091685,
00XO0OOXX,16.91917025608232,-73.20114506958272,-3.073055441276505,
00XOX000O,-151.13705664554035,-172.1370572445156,-197.13705732123938,175.82021857196355,-166.1370571758003,
00XOX00XO,-25.53860457708393,-19.323149883241324,-44.75669974053023,36.09482342440643,
00XOX00O0,-155.13705748085033,-168.1370578136913,-183.13705791056162,171.37159878391424,-149.13705710470222,
00XOX00OX,31.8035348787741,-29.007541639058037,-24.916995014828068,-15.505961640710366,
00XOX0O00,173.5002052590499,-173.13705752794021,-201.1370575989716,-174.13705753513733,-147.1370565853098,
00XOX0O0X,96.67631149923699,-122.01575918001129,-75.01393504395865,-113.0157347436259,
00XOX0OX0,78.72214230750957,-58.015234848422786,-102.02518267245455,-79.02407349676973,
00XOX0OXO,-23.06867931649692,36.9284368748056,-104.55440171013798,
00XOX0OOX,9.930237783702138,-91.61208063908552,3.9305576050741395,
00XOXX00O,-78.01445388909057,-107.01574257540162,96.45913375814008,-88.01531594465182,
00XOXX0O0,-34.28973096855369,-62.39071515995335,30.06731147019087,-9.143275549882464,
00XOXX0OO,-75.07353145689548,-69.07127435299732,78.55659230074446,
00XOXXO00,172.73220656358754,-208.01387800633847,-189.01387798880958,-151.01387708806132,
00XOXXO0O,5.215024885923918,-25.512494795135616,7.142574462675273,
00XOXXOXO,162.0,-161.99999999088243,
00XOXXOO0,-70.06853323787789,-138.07305544127848,83.92034025199447,
00XOXO00X,-11.045748988510374,-67.08934178917887,32.70209204586158,-49.06878605480688,
00XOXO0X0,12.343601245067468,-5.53652780951831,-1.8426161576574032,-12.365725486928964,
00XOXO0XO,-1.3378083048302276,11.521387267269498,-17.10038868325502,
00XOXO0OX,1.7988549304172008,5.220465146121745,-9.049916888216533,
00XOXOO0X,72.19070196379606,-63.074057509156454,-68.07764285894056,
00XOXOOX0,5.9273752949941745,7.926944558723502,-77.5124947951361,
00XOXOOXX,161.99999999797566,-161.99999998721924,
00XOO000X,-95.13753425090363,-101.13761752798133,110.08436032614746,-93.1374933857337,-97.13756770835067,
00XOO00X0,-40.32480757341007,-75.36770264838295,51.38366674020419,-62.36414439902515,-26.188458267525185,
00XOO00XX,-94.01463176323627,-132.01490094367608,102.79352200407757,-84.01415863394408,
00XOO0X0X,-194.01387801319743,-191.0138780088239,172.67225834499203,-151.01387710433906,
00XOO0XX0,-200.01387796439093,-208.01387796816923,172.87877557304472,-151.0138770498921,
00XOO0XXO,8.341143542719418,-29.049916888216636,4.445598289861708,
00XOO0XOX,-131.07353145689328,-69.06853835070896,82.91119806435309,
00XOO0OXX,-80.06852870003955,-161.07019391375735,93.9284368748104,
00XOOX0X0,-13.14140738252287,-39.93797963001582,-40.94382394522269,33.66287419015048,
00XOOX0XO,55.78262925887981,-42.06964479014323,-84.14271813588672,
00XOOXX0O,47.8409301639008,-34.07003541156082,-81.23289666692973,
00XOOXXXO,162.0,-161.99999999088243,
00XOOXXO0,-89.47861273273026,19.92843687480542,-6.06935540084157,
00XOOXOX0,12.926944558723488,-80.44340769925928,0.9289869460802802,
00O000X0X,8.708551271586519,-22.998363894389342,-92.1967317155086,-35.137536779429624,-100.19684082604206,22.332044320193127,
00O000XX0,-53.90573671924476,-113.91482869577798,-160.91485107285104,-141.91484990500305,-99.91475970151406,85.96814063632124,
00O000XXO,-14.389497677247169,-15.445764951917328,-47.94485909855126,-4.484275413676508,25.043890253040697,
00O000XOX,67.90146318869793,-50.16539279779825,-79.18103745511101,-45.15463864204996,-105.18188004376663,
00O000OXX,-71.13897290216917,-73.13934165027152,-92.1407579242718,92.22569664671745,-142.141005310893,
00O00XX0O,10.837708813462314,-11.966800691843254,7.580645480932986,-2.9952101197540713,-60.68933012757337,
00O00XXXO,27.28413247159263,-26.572325441389943,-47.775424679977824,-7.315964847282139,
00O00XXO0,9.80792108550533,-9.365317322248796,3.821228463982015,2.4785415914615627,-90.2998871708362,
00O00XXOX,-1.2269817483832224,15.837861173057703,-61.803984080795935,-6.154633024172158,
00O00XO0X,-101.13713293388267,-146.13723310819805,-104.13715918900343,123.23469396095724,-157.13723385893925,
00O00XOX0,-68.13781064801495,-92.14030752351242,-85.140055015707,93.4363654624221,-135.1405532199546,
00O00XOXX,32.67884103575291,-47.065715531375254,-81.09478707271037,-11.04839378734134,
00O00OX0X,-22.424795354674075,-29.557560253134962,-30.569933081646894,-43.65509942974357,42.595331670746155,
00O00OXX0,-96.13779831795107,-101.13786402893146,-89.13762901513535,-90.13766101937337,106.92073822792018,
00O0X0X0O,-50.436034116159576,-32.35426934470571,-25.254057692449923,48.279776668101675,-84.45160995373264,
00O0X0XXO,-181.01387805799672,172.48729925824236,-217.01387810261636,-151.01387718250936,
00O0X0XO0,175.73324051486736,-184.13705734241637,-169.13705725476427,-151.13705668503098,-169.13705725476407,
00O0X0XOX,52.28738408864844,-31.02472396602238,-62.16675566087737,-67.16937302961992,
00O0X0O0X,20.32116990876741,2.410244196675184,-10.5144470723835,-25.151853044127428,-46.3276673645511,
00O0X0OX0,-151.1370567527318,174.06796360496463,-176.13705737926395,-161.13705718419106,-169.137057322465,
00O0X0OXX,38.06138734391622,-19.18160778130334,-32.53157274419527,-46.62817305428859,
00O0XXX0O,-50.52854882559505,39.97989640483051,-19.06644293727647,-47.52109281599279,
00O0XXXO0,9.082879400464215,-22.60026849691291,10.992458360940374,-31.804577374455487,
00O0XXXOO,-26.179005642886445,-38.430720783107056,37.298647132219244,
00O0XXO00,1.0957662498048082,-17.95803338524037,17.621906984541006,-3.7840190926218353,-44.33500073066297,
00O0XXO0X,29.52322889141927,-24.176420530652933,-10.350143209352266,-61.462061508446965,
00O0XXOX0,37.28699940167228,-24.424094567563337,-22.359717081737056,-42.66314173607546,
00O0XXOXO,-8.658856457280256,-23.08266097422798,19.521387267269517,
00O0XXOOX,-1.1003886832550425,-5.1986807184000625,5.387919360914125,
00O0XOX0X,16.77353149512878,-9.219630277472005,-24.171691546946825,-2.065568600779326,
00O0XOXX0,-96.01636535273715,-72.0141059408198,-138.0165873636591,93.10529691090257,
00O0XOXOX,134.95008311259426,-127.06854059999857,-129.06854334648506,
00O0XOOXX,-17.612080639085764,8.092464396716036,2.5376042227698865,
00O0O0X0X,-22.516575048993825,-22.51657504899372,-31.671477864636,-69.77390459562385,41.04319775746829,
00O0O0XX0,-58.15283368864207,-99.16016155718053,-63.15576621380612,-54.14916691175554,74.5008831259656,
00O0OXX0X,-174.01387793976602,-152.01387719845974,-196.01387802190555,172.82536932655367,
00O0OXXX0,-12.136074487606903,-51.06027578905932,-35.98969591998134,32.829384842511104,
00O0OXXXO,53.88168003355552,-93.15906983609932,-40.06898218339277,
00O0OXXOX,-62.07860097394284,69.00000000000678,-62.07860097394283,
00OX0000X,12.94416336939733,-35.47833043590469,18.892137389795323,-149.53573859508685,-42.50727206415853,-82.53521856939679,
00OX000X0,-6.118923217646419,-34.08270387154511,19.81536395248667,-48.13245278590759,-16.782068760529977,5.943608945335233,
00OX000XO,-43.18167162159877,-54.20386950130242,20.72491803554072,6.794164006050183,-73.21327389742555,
00OX000OX,-9.24663000121721,-2.3962082470746826,24.154287338933678,-42.15530628672341,-39.14238422834715,
00OX00X0O,89.82317294424769,-150.14207883024727,-118.14206108747806,-62.13707633169551,-151.14207890199617,
00OX00XXO,5.978562082480015,-74.75746522300503,-70.75653618433807,15.97366028331409,
00OX00XO0,43.81503390065211,-24.409855330034063,-25.430549605709043,-36.56083116203541,-59.61877164399756,
00OX00XOX,14.103986915259643,6.3862989839890405,-22.15006130490608,-63.50162148572382,
00OX00O0X,-60.138327576699375,-81.14368946643856,85.97346821479763,-87.14402695955015,-100.1443255875584,
00OX00OX0,-95.14075314972195,-79.14002373283333,92.40277384970135,-81.14018940630821,-71.1389035611456,
00OX00OXX,-33.136003031209256,-33.13600303120922,48.050526407229086,-104.25645770791989,
00OX0X00O,-24.30272390012376,-94.52017393927568,46.285536462905455,-27.359590225475685,-77.519295542044,
00OX0X0XO,-34.05994703173872,-81.16892466464208,52.510129479208636,-43.12535380475594,
00OX0X0O0,-55.17023091715178,-61.17476184162225,68.28309572330618,-45.15295676382314,-90.1799673356798,
00OX0X0OX,-67.07072194215817,-41.01981375850875,61.96374480232101,-75.07296519291646,
00OX0XX0O,47.024762443261736,-34.173686845865795,-31.135363880966864,-57.27157376238215,
00OX0XXO0,6.944221643502415,6.9442216435025035,-2.952863290886192,-63.1631163106029,
00OX0XXOO,-0.7463884882631833,10.058118554445118,-14.443407699259364,
00OX0XO00,-47.218889955851694,-58.233719826831496,59.46510339254953,-46.216550062044945,-39.19158948227384,
00OX0XO0X,-70.01535284853117,-78.01702396435668,88.02381599182938,-103.01827542655886,
00OX0XOX0,-67.0185772580687,-70.01963866112821,81.34360124503617,-76.02100731189859,
00OX0XOXO,-74.0698919906646,-82.07156312519488,84.22046514613746,
00OX0XOOX,-71.08512997853985,-57.072624705004785,68.72729770641315,
00OX0O00X,-10.116094200118228,-11.202232841399777,0.30749463888200657,18.578414766912196,-24.7785642057275,
00OX0O0X0,-60.19727207608377,-69.20087700880629,-68.2006173007568,-38.14839419066451,63.99284288344769,
00OX0O0XX,-8.307715353811941,-27.4519786686852,22.912305701594548,-12.775424679977199,
00OX0OX0X,27.626350788379046,-15.033038678111485,-31.60784280458155,-13.954768496279282,
00OX0OXX0,-61.01404498008203,-100.02135691826467,-122.02149119519436,82.76376565746956,
00OX0OXOX,43.387919360914125,-35.17900564288642,-38.21737074111968,
00OX0OOXX,-94.0689821834035,-93.06893898152624,100.48750520488437,
00OXX000O,-101.13734736699037,-99.13732493931137,115.32405487454184,-98.13731192693437,-113.1374181543604,
00OXX00XO,-175.01387794258113,-152.01387719248496,172.86557192487874,-192.0138780108955,
00OXX00O0,-12.233282091003462,-49.9261504871519,30.06076430370669,-30.829193900002963,-10.069072228601447,
00OXX00OX,36.69603811672532,-20.323149883241143,-25.493546546832448,-44.712615911350966,
00OXX0X0O,-151.01387714410185,-180.01387801476525,172.3227059139604,-194.01387805296065,
00OXX0XO0,4.617834219196291,-8.266766258890714,7.863435148941215,-10.527684055168162,
00OXX0XOO,-8.075281301416345,-68.08266097422815,21.901241996291077,
00OXX0O0X,2.7701715207009077,15.672055496522306,-19.406798614860183,-22.530102397121688,
00OXX0OX0,-13.655446251240312,-8.087694298405685,3.354767822996283,9.959196741339477,
00OXX0OXO,-86.90753560328368,-9.069538537377527,22.926468543105575,
00OXX0OOX,-5.0499168882164405,0.5565923007406239,3.8013192815998953,
00OXXO00X,172.9469723147518,-151.01387712473948,-235.01387804589223,-207.0138780426923,
00OXXO0X0,-181.01387803843593,-151.0138771629477,-225.01387808374417,172.49442842824868,
00OXXO0OX,44.89961131674488,-42.21737074111947,-35.142718135887236,
00OXXOXO0,43.92963091711644,-116.31275665373823,-30.068573711741465,
00OXXOXOX,162.00000006318146,-162.0,
00OXXOO0X,-19.480066941721404,-3.023982840380184,13.72729770641494,
00OXXOOX0,-60.10038868325506,13.894561371329987,-0.08687440270642166,
00OXXOOXX,65.00000843729313,-64.99999998731997,
00OXO000X,-150.1370567766466,-166.1370573786925,-209.1370575289258,174.13880872337813,-164.13705734497282,
00OXO00X0,-152.13705707374487,-181.13705765736847,-188.13705767447587,172.5279876252235,-152.13705707374476,
00OXO00XX,-163.0138778178479,-155.01387747775152,-171.01387797066354,171.9709455720135,
00OXO0X0X,0.7753466447893964,10.286999402599788,-21.936047595077927,-1.8571650261879213,
00OXO0XX0,22.626359889202643,-43.68900833293843,-43.68900833294254,-1.1236041922253759,
00OXO0XXO,168.9111980841339,-217.06852916931842,-155.0685282498281,
00OXO0XOX,98.92843687480914,-85.06852850111974,-166.06953853740276,
00OXOX00X,-184.01387801193195,-152.01387721223432,172.66688770100404,-175.01387796233013,
00OXOX0X0,-152.01387727479676,-181.0138780626048,172.62560552363925,-176.01387803284692,
00OXOX0XO,4.931061018484692,-100.04991688821632,8.930970071366072,
00OXOX0OX,-33.809298036201085,11.490832126215029,1.6619008755181564,
00OXOXX0O,68.34114354271723,-83.08880193563851,-55.06976221629745,
00OXOXXXO,161.99999999665738,-162.0000000007135,
00OXOXXO0,29.92898694608027,-16.06877735139384,-100.02398284038009,
00OXOXXOX,-161.99999999088243,162.0,
00OXOO0XX,-74.06871277504386,-102.07156312520111,87.34114354272594,
00OXOOX0X,1.6339676228732503,-32.80929803620157,11.445598289862025,
00OXOOXX0,24.92646854310557,-88.59830429966112,-11.069355400841665,
00OO000XX,-41.21305061906908,-75.25217872534841,-35.17965114713829,-86.25307816006311,58.33167330433709,
00OO00X0X,-25.379766914062067,-38.52246639373571,-27.415515458695694,-46.55165335242878,44.916204660709866,
00OO00XX0,-60.431914572737014,-42.40190029106461,-51.423248182103144,-23.19501366825543,48.75140634692506,
00OO0X00X,24.72743712134133,-37.98858880977224,-14.47305392371402,-1.006311640392735,-35.97618460542985,
00OO0X0X0,-25.70376614792286,0.4245788701439013,0.42457887014381246,16.370308329292385,-38.841947557916484,
00OO0X0XX,-7.0719094351844465,-71.59088185442465,-42.54625769726565,28.64008394779704,
00OO0XX0X,12.994974415923618,-16.36244195180372,-27.786318903371154,5.608642635039964,
00OO0XXX0,-32.23994370987083,8.311660656860383,-26.130288488203952,12.168290011642139,
00OO0XXXO,-40.19868071840003,10.71022964105066,2.7826292588802835,
00OO0XXOX,-1.1504888677832117,-44.779534853878246,14.749972526421335,
00OO0XOXX,-14.086874402706403,-57.22372342619799,27.78262925888035,
00OOX000X,26.40113033811078,-16.1632214659462,-68.64524551894944,-26.472287700932824,-2.939172219327262,
00OOX00X0,2.548827456838658,15.579585208416265,-42.21035662273634,-32.147081179767554,-0.019449308641183993,
00OOX00XX,40.59320138515193,-30.35991605220228,-52.501263935685536,-23.196292974828996,
00OOX0X0X,39.86710856045799,-31.412682171056616,-29.38072855603794,-27.3415612977333,
00OOX0XX0,-19.44402500283752,15.580021325325104,-21.530102397124438,2.719059480803001,
00OOX0XXO,-114.36603237712688,41.92963091711678,-28.068583789378593,
00OOX0XOX,47.53760422276957,-35.09093175686268,-54.21737074111941,
00OOX0OXX,42.906714954222096,-29.06920545883057,-89.33809912448257,
00OOXX00X,93.71269368481617,-76.01476527331772,-86.01581814752694,-94.01615554679422,
00OOXX0X0,4.872647128499864,16.780311497207997,-59.45344723383225,-39.39753606513739,
00OOXX0XO,-123.06854493914265,131.38791936116513,-126.06855079749312,
00OOXX0OX,43.801319281599724,-35.16854471495693,-39.21737074111953,
00OOXXX0O,-36.512494795136206,7.661900875517352,5.687243346261685,
00OOXXXXO,-152.0,152.0000000232547,
00OOXXXO0,-0.17900564288645815,-42.10038868325511,13.71022964105064,
00OOXXXOX,162.00000006318146,-162.0,
00OOXXO0X,100.80131928158438,-92.06886451969906,-96.06902992863647,
00OOXXOX0,-2.069538537377552,15.928986946080279,-88.48006694172122,
00OOXXOXX,161.99999999088246,-162.0000000210353,
00OOXO0XX,2.2986471322191764,-11.049916888216439,5.798854930417187,
00OOXOX0X,-106.06861113216306,-110.06865192279251,114.80131928127668,
00OOXOXX0,-80.44340769925923,12.926944558723477,0.9289869460803304,
00OOOX0XX,-79.07101305391492,-76.07036908287853,84.38791936091819,
00OOOXX0X,-28.25002747357857,-33.36603237712672,37.19070196379831,
00OOOXXX0,-27.21737074111964,-35.39681289864912,37.220465146121654,
0X000XXOO,16.47928357195869,-21.178154937118386,-20.135894286108034,1.7815232773994216,
0X000XO0O,-21.20040575599959,-42.460320297313444,-40.45239041140478,11.186442041732823,15.042655388936055,
0X000XOXO,-1.021494070042881,-65.64786014064632,-79.65139831261733,22.960856013628963,
0X000XOO0,-36.244508876505215,-34.22973941400626,-50.294604534658134,-56.301981381750025,54.29501043681148,
0X000XOOX,-16.911453067805102,1.870603598064109,-13.694169850160682,14.103419597505177,
0X000OX0O,-24.554042534123997,41.204167357966256,-33.68057174321357,-20.447950310800618,-77.76529552403565,
0X000OXXO,-52.75845103132721,5.9526719216715405,-67.77168436310785,15.931031256414903,
0X000OXO0,18.051632596804936,0.0494277659956599,-8.14152535912698,-9.246369849601363,-37.13109435905921,
0X000OXOX,-27.44691711427253,-50.63783191969585,1.6592736989475598,19.20059772669394,
0X000OO0X,-28.459898448832675,-47.5826180831473,-21.311615816101302,44.26886530917149,-65.6005074772912,
0X000OOX0,-43.26505588502282,-31.18811768920562,-50.28167192516594,55.07300090005359,-77.29693665780383,
0X000OOXX,-80.05616262906285,-77.05577359732128,-44.01650075794839,65.36382471304316,
0X00XXO0O,-170.01387803079578,-196.0138781583671,-152.01387733492206,172.3515401000762,
0X00XXOO0,-175.01387791642293,-209.01387799721795,-152.01387716632684,173.00030364088326,
0X00XOX0O,-119.01464410818171,105.45146491469507,-121.01464820514852,-84.01391822250702,
0X00XOXO0,-37.43680868938055,29.18710359074458,-47.4865523908965,-8.137521976061864,
0X00XOXOO,-74.08880193563986,67.53760422277149,-55.07156312519549,
0X00XOO0X,34.8873218133831,-63.88489243134269,-24.60996584873022,-17.317312892296016,
0X00XOOOX,43.91733902577186,-32.11359231239294,-47.26892586700441,
0X00OXX0O,172.47361772115016,-158.013877619822,-162.01387777066157,-166.01387787177237,
0X00OXXO0,33.256867020655754,-14.268200267298441,-41.988110296761114,-28.853625822573207,
0X00OXXOO,82.5199330582832,-81.07223494272448,-72.07003541156413,
0X00OXO0X,-151.0138774206539,170.6441614937359,-166.0138781364298,-183.0138783044565,
0X00OXOX0,168.33247849747727,-147.0138772381042,-175.01387852902678,-197.01387860334975,
0X00OXOXO,7.930237783702287,5.930355209856163,-90.51249479513602,
0X00OXOOX,-68.07353145688992,75.48750520485862,-69.07405750914958,
0X00OOX0X,-108.01481891899712,-117.01485921144341,102.99245836088852,-82.01397262462572,
0X00OOXX0,-79.66454619800908,-95.66546904697393,-16.015360261465123,37.9640767230411,
0X00OOXXO,4.662191695192403,6.537604222794558,-19.512494795122706,
0X00OOXOX,-56.069538537377355,-85.08687440270617,69.39584404341988,
0X00OOOXX,-58.809298036201405,1.9090682431371853,11.89456137133035,
0X0X0X0OO,-79.04124327180631,-128.04246475790856,-48.015120323890365,69.54227370484668,
0X0X0XO0O,-57.85748522736043,-65.8631206947877,26.898149079647364,-5.031701181734332,
0X0X0XOO0,-110.07072194215857,-75.06894644238382,-41.015773586546345,62.648090549491165,
0X0X0O0O0,15.501783245127358,2.501710792179377,-49.2645292776135,-4.851105039345633,-10.439055002649232,
0X0X0O0OX,47.6554352871871,-36.1771321622087,-37.185643684419304,-37.18564368441933,
0X0X0OX0O,-48.03867504866152,63.53426665621669,-49.041275180388475,-113.06592340715873,
0X0X0OXO0,8.699184867172049,8.69918486717205,-13.30998720932911,-22.81942805441206,
0X0X0OXOO,14.930794541169414,-1.0688325146000255,-100.77953485387818,
0X0X0OO0X,-2.513213600436539,-7.333362645967153,15.818044147135986,-21.435069364749584,
0X0X0OOX0,-61.46047063485761,11.965578768548324,9.967531983768884,-71.46498281418066,
0X0X0OOXO,-82.0826609742279,21.92400873308118,-8.070193913771636,
0X0X0OOOX,36.950083111783506,-29.28977035894928,-31.338099124482564,
0X0XXO0O0,-50.548535085233645,-24.279969194350677,-26.333128873669853,39.60447128386317,
0X0XXO0OO,-88.19868071839988,10.929630917116771,2.9302377837022755,
0X0XXOXOO,-161.99999999995867,162.00000000915279,
0X0XXOO0O,-150.0715631251905,-74.06852971346228,87.92646854309707,
0X0XXOOO0,-30.072624705005843,-71.31275665373826,43.76710333307061,
0X0XXOOOX,140.00000000810792,-140.0,
0X0XOX0O0,-45.3913573649608,-23.101433937036102,29.83980943677995,-11.415406233524672,
0X0XOX0OO,3.9302377837022444,-88.61208063908565,9.929806086228307,
0X0XOXXOO,162.00000001710072,-162.0000000144675,
0X0XOXO0O,-1.7795348538696565,6.387919360926135,-5.809298036193751,
0X0XOXOXO,-151.99999999741718,151.99999999777918,
0X0XOXOO0,-71.19868071840004,2.92471869858358,10.921399026057157,
0X0XOXOOX,-161.99999999516413,162.0000000149821,
0X0XOO0OX,32.29864713221903,-21.25002747357861,-33.65885645728028,
0X0XOOX0O,119.90124199650543,-106.06852856891605,-164.06865192279616,
0X0XOOXXO,16.000000000000032,-15.999999999999998,
0X0XOOXO0,26.95008311178349,-21.78497511407716,-19.658856457280187,
0X0XOOXOX,158.00000004916222,-158.0,
0X0XOOO0X,-27.071882258129275,40.8314552850429,-73.39681289864899,
0X0XOOOX0,-22.07036908288329,35.8980680038958,-79.60415595658009,
0X0XOOOXX,-150.99999999905435,151.0,
0X0O0X00O,14.486502284860649,-10.959100036013208,-0.6584377094905691,-4.2474124836757525,-10.959100036013211,
0X0O0X0XO,14.802267634092892,-43.17386913000104,6.862508303087679,-47.188512328910846,
0X0O0X0OX,16.565453425301563,3.2554247573000006,-21.145437553009483,-35.44402500283743,
0X0O0XX0O,-20.463238720369255,-20.463238720369212,34.95395026284022,-59.876556831191685,
0X0O0XXOO,-24.217370741119645,35.0581185544451,-35.50916787378614,
0X0O0XO0X,65.4493254574817,-44.016130576114634,-73.05466656897353,-134.05690081612238,
0X0O0XOXO,-11.082122630153098,-60.59830429966113,24.849511132216723,
0X0O0XOOX,9.917877369846837,3.921399026057142,-67.61208063908586,
0X0O0O00X,-69.13843469173963,-124.14090905643863,92.45044090596832,-79.14000527784626,-86.14046537457831,
0X0O0O0X0,-19.331976770801994,-31.581601502254912,42.58634192916997,-49.66990554065269,-36.62332426577188,
0X0O0O0XX,-87.03867113901285,-114.03918709428388,70.75018610368966,-49.01446887833565,
0X0O0OX0X,-123.01539264449879,-129.01539947961456,98.8316383275655,-77.01390058000906,
0X0O0OXX0,-114.014948892,-109.01492471896978,102.05401374386524,-81.01397582146362,
0X0O0OXXO,-153.0796597480072,-61.06852931975409,74.93046146262282,
0X0O0OXOX,-72.07188225812362,-73.07223494271527,79.48750520485706,
0X0O0OOXX,-81.06852911575271,-155.0700354115526,94.92536114540985,
0X0OXX00O,-38.16404148256238,-51.217263738807155,6.831097707016397,14.755725214738344,
0X0OXX0OO,-61.25002747357851,-33.07965974800508,46.3411435427198,
0X0OXXXOO,-153.0,153.0000000304767,
0X0OXXO0O,-53.06853004979032,-148.0932850457765,66.93072331531506,
0X0OXXOOX,162.00000001770678,-162.00000000590134,
0X0OXO00X,5.451662294677617,-8.795050754669205,7.07541332439367,-9.925829702025403,
0X0OXO0OX,23.253611511736715,-29.598304299661258,-11.366032377126697,
0X0OXOX0O,-79.44340769925918,0.9287256470036287,12.926468543105592,
0X0OXOXO0,8.48750520486377,-4.480066941721418,-5.779534853878347,
0X0OXOXOX,-6.999999999944641,7.000000000111388,
0X0OXOO0X,6.894561371329938,-55.99999999999996,6.894561371330058,
0X0OOX00X,-201.0138780299212,172.8857887973877,-151.0138771147707,-208.01387803304692,
0X0OOX0XO,40.79669850143917,-27.073055441276423,-70.39681289864902,
0X0OOX0OX,-38.33809912448261,39.519933058278575,-29.179005642886484,
0X0OOXX0O,86.66219169516381,-74.0689389815147,-94.07156312519376,
0X0OOXXXO,162.0,-161.99999999088243,
0X0OOXXOX,-162.0,162.00000006318146,
0X0OOXO0X,-155.0685281877699,168.8816799411855,-208.06852910453114,
0X0OOXOXX,161.9999999683898,-161.9999999768419,
0XX000XOO,16.89529362306626,-50.39947881716051,4.936172618810115,-57.41033675328716,
0XX000O0O,98.50186500654394,-111.13912840187147,-111.13912840187137,-160.1391653831629,-71.13713119911017,
0XX000OXO,13.666871126330683,-32.56696969726188,7.748641911338339,-58.68511808399682,
0XX000OO0,23.860110506016113,-94.27023398796456,-121.27042175426892,-84.26988809822933,3.8619012767194394,
0XX000OOX,36.85352021215297,-34.63569734435108,-46.70838266618132,-17.157391963429756,
0XX00XO0O,41.967901857752025,-90.45490987226222,-90.45490987226245,-20.01469867067471,
0XX00XOO0,-62.01450363823376,-86.02064392066153,-124.02124262281916,83.09917227938041,
0XX00OX0O,-15.045748988510985,-48.734538339119524,36.56530370776692,-66.7557920138575,
0XX00OXO0,-9.267556199004135,-11.503916974180227,23.60447128386553,-36.41997867467545,
0XX00OXOO,-9.443407699259426,-1.7013528677808694,8.556592300740625,
0XX00OO0X,11.779106046435999,9.798622821928364,-35.46105214907567,-69.55353767555741,
0XX00OOX0,11.556767867894099,7.801162683919999,-16.013646160534474,-52.64687446382236,
0XX00OOXO,-5.857425537326018,16.521387267269517,-20.701352867780844,
0XX00OOOX,54.801319281600115,-50.118319966444126,-46.10193199610451,
0XX0X0O0O,-156.01387750501874,-160.0138776892551,-196.01387805361634,172.7469137692993,
0XX0X0OO0,-151.01387715292208,-190.0138780556313,-217.0138780730285,172.7724003053698,
0XX0XOO0O,4.929806086228297,-86.0499168882163,8.92943732887819,
0XX0XOOO0,56.92646854310545,-119.13568167929128,-43.06856191449561,
0XX0XOOOX,159.00000004969962,-159.0,
0XX0O0X0O,171.7470324601116,-155.01387759238992,-160.01387783539852,-180.0138781592989,
0XX0O0XO0,11.96288830891641,-66.46455956913161,-12.562168188583083,6.449268657891091,
0XX0O0XOO,64.29864713221878,-65.09328504577765,-53.075991266918564,
0XX0O0O0X,3.566668893868875,10.235015871289775,-3.150695449543228,-64.32259152156341,
0XX0O0OX0,65.7411507341022,-47.02547605945125,-60.04745086408782,-69.05232968514005,
0XX0O0OXO,66.09246439671605,-54.07305544127547,-70.0909317568621,
0XX0O0OOX,-20.04991688821635,7.537604222769837,3.7762765738019044,
0XX0OXXOO,162.00000001710072,-162.00000000369985,
0XX0OXO0O,91.9269445587332,-155.07056267112245,-78.06852911576131,
0XX0OXOXO,162.0000000139927,-162.00000000420061,
0XX0OXOO0,6.923224158486184,-70.99999999999987,6.923224158486202,
0XX0OOX0O,79.93046146262101,-66.06852887695777,-158.07528130141338,
0XX0OOXXO,-12.0,12.000000000000007,
0XX0OOXO0,40.92737529499413,-27.068664935426114,-105.39681289864888,
0XX0OOXOX,-161.99999999088243,162.0,
0XX0OOO0X,35.93079454116943,-22.068565460862786,-118.60415595658017,
0XX0OOOX0,50.92776505727923,-37.06857371174128,-116.19055404047705,
0XX0OOOXX,-161.99999999088243,162.0,
0XXX00O0O,-63.021347704204544,-61.01999529292559,-130.02744628872247,76.9991945806059,
0XXX00OO0,-47.01620845297383,-106.04634855717177,-73.04418961013482,68.24420798614041,
0XXX0OXOO,32.99999996072549,-33.00000000144858,
0XXX0OO0O,4.926468543105575,-75.04991688821642,8.92536114537696,
0XXX0OOXO,38.99999849277904,-39.00000003050923,
0XXX0OOO0,39.9302377837021,-116.43072078310712,-26.06857371174161,
0XXX0OOOX,148.00000002852792,-148.0,
0XXXXOO0O,-161.99999998494948,162.00000000286965,
0XXXXOOO0,-161.99999999088243,162.0,
0XXXO0XOO,162.00000001710072,-161.99999998676566,
0XXXO0O0O,102.92139902609705,-158.06920545885052,-89.06852887698113,
0XXXO0OXO,161.99999999275985,-162.00000001038464,
0XXXO0OO0,-23.068712775036843,-102.55440171013781,36.92776505727883,
0XXXO0OOX,2.0000002581085248,-1.999999788678558,
0XXXOXO0O,-161.99999995379954,161.99999995799266,
0XXXOXOO0,-162.00000000767227,162.0000000149821,
0XXXOOX0O,161.9999999426831,-162.00000000074,
0XXXOOXO0,162.00000006318146,-162.0,
0XXXOOXOO,0.0,
0XXXOOO0X,162.00000006318146,-162.0,
0XXXOOOX0,155.00000004063,-155.0,
0XXXOOOXO,0.0,
0XXXOOOOX,0.0,
0XXO0000O,65.46710003071225,-39.14453079260157,-79.19337638811199,-63.1897820097016,-71.1922621772549,
0XXO000XO,0.8741787874056173,20.68470628258135,-40.1686027293475,-50.20647799599224,
0XXO000O0,1.7948585764421177,-31.71797239990233,-14.237658697726456,19.010836663768796,-11.024789236269314,
0XXO000OX,-6.089111861531588,13.527016053271574,-9.548337705360243,-4.896580402491724,
0XXO00X0O,-21.041598817589986,42.32728384910847,-51.42058132560754,-61.432890923349674,
0XXO00XO0,-33.34757506158449,9.971316172979288,9.971316172979346,-21.06820872430547,
0XXO00XOO,24.22046514612161,-23.223723426198013,-14.604155956580085,
0XXO00O0X,97.21845578787439,-102.01555202095781,-76.01401003148098,-128.01566654054866,
0XXO00OX0,94.16540635379752,-73.01406944856413,-101.01618111625278,-110.01626224405794,
0XXO00OXO,2.928436874805544,10.926944558723427,-79.19868071839998,
0XXO00OOX,24.924718698583565,-85.5983042996612,-11.06964479014378,
0XXO0X00O,27.100939777796967,-31.694573458025868,-6.181544978974456,-70.83089242161543,
0XXO0X0O0,-8.077434235608385,-12.555782463809885,16.777846331153217,-6.919893685684901,
0XXO0X0OO,10.920340251994812,-70.19868071840008,2.924008733081176,
0XXO0XXOO,22.000000070014487,-21.99999999224221,
0XXO0XO0O,68.93055760507322,-148.08880193563962,-55.068530049792244,
0XXO0XOXO,162.00000001770678,-162.00000000094434,
0XXO0XOO0,-24.06852860839419,-163.5091678737862,37.931462615789926,
0XXO0O00X,-58.01762936211262,76.82054155159315,-68.02399536437802,-112.02765291002783,
0XXO0O0XO,0.9294373288781579,12.927765057278894,-82.44340769925927,
0XXO0O0OX,5.926468543105629,7.925942490845807,-75.51249479513606,
0XXO0OX0O,-9.069141010573418,22.928436874805392,-91.90753560328375,
0XXO0OXXO,-162.00000000194288,161.99999999088246,
0XXO0OXO0,1.9305576050740652,11.929964588439399,-90.80929803620144,
0XXO0OXOX,-161.99999998549032,161.99999999529444,
0XXO0OO0X,98.92471869858113,-85.06852887693272,-158.06953853734936,
0XXO0OOX0,9.931468746576723,3.931469539419581,-151.6120806390856,
0XXO0OOXX,-13.99999999999999,13.999999999999991,
0XXOX000O,-40.20196258277892,-46.22892147537077,31.168290011645734,-10.11769444875458,
0XXOX00O0,-14.098067856308775,-73.87854123388577,35.005801000377716,-37.8048523333327,
0XXOX00OO,5.9284368748055325,-80.51249479513616,7.928117741870462,
0XXOX0O0O,12.931453299604602,-135.4434076992595,0.9314616492899064,
0XXOX0OO0,89.9292233851355,-160.07101305391706,-76.06852875323128,
0XXOX0OOX,161.99999999088246,-161.9999999987356,
0XXOXX0OO,-161.99999999222285,161.99999999088246,
0XXOXXO0O,-18.00000000000005,18.000000000000085,
0XXOXXOO0,30.00000000000015,-30.000000000000185,
0XXOXO00O,3.1907019637984257,-5.512494795136242,1.5565923007405635,
0XXOXO0O0,2.387919360914208,-3.5124947951362566,0.8013192815999071,
0XXOXO0OX,14.999999995972285,-15.00000000089873,
0XXOXOO0X,161.99999999088246,-162.00000000800569,
0XXOXOOOX,0.0,
0XXOO000X,-152.01387720750594,173.14779151291177,-179.0138779851581,-191.01387802431103,
0XXOO00XO,90.92594249085306,-77.0685294381098,-152.07077661485704,
0XXOO00OX,-12.080829743917587,25.84951113221667,-61.46239577723003,
0XXOO0X0O,104.91917025620224,-91.06852887696374,-158.06908269502375,
0XXOO0XXO,14.999999999999984,-14.999999999999972,
0XXOO0XO0,8.916448704001908,4.919170256082314,-66.04991688821639,
0XXOO0XOX,-161.9999999958229,161.99999999088246,
0XXOO0O0X,17.931470431091782,-4.068528651934372,-164.94188144555477,
0XXOO0OX0,100.92776505730706,-87.06852850111662,-166.06935540086346,
0XXOO0OXX,-24.000000000000025,24.000000000000036,
0XXOOX00O,84.55659230073802,-81.07127435299586,-75.07003541156001,
0XXOOX0XO,161.9999999683898,-161.99999999339002,
0XXOOX0O0,6.220465146121684,1.0581185544451377,-9.612080639085786,
0XXOOXX0O,161.99999999529444,-162.0000000021162,
0XXOOXXO0,12.999999984835922,-13.000000004132744,
0XXOOXXOO,0.0,
0XXOOXOX0,161.99999998454427,-162.000000009727,
0XXOOXOXO,0.0,
0XO000X0O,-41.310615699376456,-49.33270872347754,-28.202825783110534,52.216252592026365,-59.34408501074518,
0XO000XXO,-77.64683014258509,-101.64811658526372,-1.0158849866721575,22.97945806456166,
0XO000XO0,-5.283808832856083,26.352364624824478,-42.62354326708295,-15.1223065563639,-18.264116940738074,
0XO000XOX,23.324751393563908,-16.976878565050228,-5.868946827192411,-33.45251191609283,
0XO000O0X,-84.13802925714168,-80.13775655529344,101.73047067929089,-112.13854998876165,-100.13847176544344,
0XO000OX0,-45.211908448817724,-47.21683597453221,59.665051405380325,-47.21683597453219,-44.20904842571497,
0XO000OXX,-73.0201114264309,-63.016249234428244,81.70661000564243,-102.0222348206302,
0XO00XX0O,-31.639003627257367,-17.199085768722803,36.30566482027811,-45.74457524270039,
0XO00XXO0,-14.566895095142536,30.72292826003631,-18.81973013375325,-53.29876100709389,
0XO00XXOO,-45.118319966443615,52.48750520486352,-46.12354223349691,
0XO00XO0X,-45.06636758517707,-11.056494942524427,32.60791858651486,-76.10143393703586,
0XO00XOX0,-65.01772055199254,-68.01901704844505,81.28683043100331,-101.0225852703611,
0XO00XOXO,-69.07019391376947,-80.07353145689224,80.05811855444294,
0XO00XOOX,-60.072624705005985,-71.08082974391792,71.0581185544433,
0XO00OX0X,9.434449531207775,-1.1497036959099547,0.167778378724881,-17.169795846244245,
0XO00OXOX,20.22046514612165,-10.857425537326018,-19.746388488263158,
0XO00OOXX,-71.07463885462454,-67.07262470500734,75.80131928160225,
0XO0X0X0O,-176.01387797022468,-176.0138779702247,172.31881722201868,-152.01387721217384,
0XO0X0XO0,-21.245504138938447,-28.444025002837815,16.303334620261303,3.1151075686564376,
0XO0X0XOO,-68.17900564288645,-38.07405750915415,51.44559828986205,
0XO0X0O0X,8.870603598074943,8.870603598074968,-16.434483073804437,-19.60011387010719,
0XO0X0OOX,14.092464396716075,-2.8574255373260424,-21.48006694172136,
0XO0XXXOO,-144.0,144.00000001850873,
0XO0XXO0O,-72.44340769925944,12.92139902605716,0.9259424908458025,
0XO0XXOO0,-144.09875800370736,64.93055760507306,-51.06853096231737,
0XO0XXOOX,-1.0000000042344233,0.9999999953202765,
0XO0XOXO0,-38.07353145689473,-69.17900564288675,51.490832126213846,
0XO0XOXOX,162.00000006318146,-162.0,
0XO0XOO0X,-7.250027473578603,-35.27270229358499,20.21502488592271,
0XO0O0X0X,-35.24212394544208,-10.205418377961093,-38.267556199004524,30.51984003213569,
0XO0O0XXO,5.831455285042752,-45.51249479513629,7.820994357113335,
0XO0O0XOX,14.14257446267394,-1.4307207831071211,-29.779534853878303,
0XO0OXX0O,63.395844043417846,-50.070369082882394,-79.10193199610326,
0XO0OXXXO,162.0,-161.99999999088243,
0XO0OXXO0,18.53193847397518,-5.190554040477526,-39.70135286778081,
0XO0OXXOX,0.0,0.0,
0XO0OOX0X,-89.36603237712657,41.909068243136765,-28.06920545883054,
0XOX00X0O,-40.015390489664384,-77.07466560212139,61.74090845973175,-132.07615756374355,
0XOX00XO0,13.594674833233245,-25.468137368542585,6.0323627244029705,-23.410160739814057,
0XOX00XOO,17.911198064361066,-68.94188144555477,-4.075281301416381,
0XOX00O0X,-116.01411199744715,116.35476782303003,-111.01409220459203,-98.01395792879467,
0XOX00OXO,-126.06989199066498,95.80944595950936,-82.06854493931945,
0XOX00OOX,-74.07077661485354,82.38791936091053,-77.07156312519442,
0XOX0XXOO,-6.9999999970559195,7.000000005928699,
0XOX0XO0O,-159.07188225813263,86.92963091710952,-73.06852881201003,
0XOX0XOXO,-161.99999999646477,161.99999999529444,
0XOX0XOO0,-164.07353145689245,82.93072331530595,-69.06852856899583,
0XOX0XOOX,-161.99999999108405,162.00000001770678,
0XOX0OXO0,34.92811774187043,-101.65885645728017,-21.06873218735387,
0XOX0OXOX,162.00000006318146,-162.0,
0XOX0OO0X,-79.06927668469135,89.51993305829811,-88.07036908288767,
0XOX0OOX0,-151.0759912669137,78.92963091712001,-65.06852956890323,
0XOX0OOXX,-162.00000001295246,161.99999998454427,
0XOXX0XOO,-162.00000001580602,161.99999998454427,
0XOXX0O0O,-164.20114506958274,16.931470431091824,-3.0685287000536396,
0XOXX0OO0,-89.04991688821646,4.930237783702204,8.929964588439422,
0XOXX0OOX,-13.000000000186335,12.999999999316351,
0XOXXOXO0,-142.99999999972192,143.0,
0XOXXOO0X,-13.999999978247235,14.000000088212001,
0XOXXOOOX,0.0,
0XOXO0X0O,86.92922338514373,-73.06852894873839,-157.0718822581215,
0XOXO0XXO,151.99999998335875,-151.99999998115004,
0XOXO0XO0,55.55659230074069,-52.11831996644385,-46.095885188185875,
0XOXO0XOX,151.00000002713165,-151.0,
0XOXOXX0O,161.9999999999558,-161.99999999081118,
0XOXOXXO0,153.0000000304767,-153.0,
0XOXOXXOO,0.0,
0XOXOOX0X,1.9999999230125463,-2.000000063031946,
0XOXOOXOX,0.0,
0XOO0000X,-47.9281191326342,16.243729123286755,-52.93626959304143,2.9451184563645705,-0.8889688009544225,
0XOO000XX,-38.056161058351094,12.689163750365458,-40.06959344200635,8.742343055192087,
0XOO00X0X,-17.857165026808982,3.458984707724606,-19.95797076280883,14.357603189497084,
0XOO00XXO,-113.23289666692952,47.92776505727899,-34.06858963633506,
0XOO00XOX,9.767103333070345,3.809445959522497,-42.612080639085725,
0XOO00OXX,-80.06852856896107,93.92922338511002,-164.07019391373507,
0XOO0X00X,-24.996810719952293,-12.340726301052493,31.123875811560254,-48.24009003411114,
0XOO0X0XO,-29.468061526024798,33.80131928159986,-25.338099124482568,
0XOO0X0OX,2.7671033330703403,10.687243346261685,-39.19868071840004,
0XOO0XX0O,-38.44340769925936,12.63396762287325,0.7671033330703605,
0XOO0XXXO,-154.0,154.00000003901988,
0XOO0XXO0,0.0,0.0,0.0,
0XOO0XXOX,0.0,0.0,
0XOO0XO0X,17.924008733081113,-4.071013053919697,-78.94188144555478,
0XOO0XOXX,-23.000000000000192,23.000000000000153,
0XOO0O0XX,-71.4434076992593,0.9253611453769339,12.920340251994794,
0XOO0OX0X,-73.44340769925928,0.9264685431056507,12.922357141061646,
0XOOX000X,39.15859418698905,-42.54718657457352,-42.54718657457343,-19.113213963175905,
0XOOX00OX,41.79885493041725,-41.28977035894934,-31.15048886778329,
0XOOX0X0O,-116.25002747357865,-33.0685737117415,46.92898694608018,
0XOOX0XO0,4.633967622873251,-34.049916888216444,8.56927921689286,
0XOOX0XOX,162.00000006318146,-162.0,
0XOOX0O0X,-22.073055441276406,-70.60415595658006,35.84951113221672,
0XOOXX00O,-72.0909317568638,-54.07223494272199,66.40169570033858,
0XOOXX0O0,3.8643183207082554,-48.612080639085704,9.84093016390061,
0XOOXX0OX,162.00000006318146,-162.0,
0XOOXXX0O,-159.0,159.00000004969962,
0XOOXXXO0,0.0,0.0,
0XOOXXXOO,0.0,
0XOOXXO0X,162.0000000149821,-161.99999999252395,
0XOOXXOOX,0.0,
0XOOXO00X,-32.443407699259346,0.6339676228733138,12.395844043419784,
0XOOXOX0X,-19.999999997768033,20.000000016491903,
0XOOXOXOX,0.0,
0XOOO00XX,-148.07188225812976,-73.06853004979209,86.9259424908579,
0XOOO0X0X,-115.28977035894908,-31.068578498829936,44.92922338514625,
0XOOOX00X,-102.06898218338,103.51993305825509,-93.06871277502432,
0XOOOX0XX,-161.99999999530235,162.00000002866247,
0XOOOXX0X,-162.0,162.00000006318146,
0XOOOXXXO,0.0,
0XOOOXXOX,0.0,
0O000OX0X,-11.413300432764741,-37.120625795713764,-5.881408377706265,-13.557003681381692,24.194771823622972,
0O00XOX0X,12.893620161501653,7.165520929136471,-21.66209274004006,-34.93622100107621,
0O00XOXXO,-76.07188225813451,81.38791936092079,-73.07101305392493,
0O00XOXOX,-7.478612732730463,-8.701352867780862,12.487505204863742,
0O00XOOXX,46.8013192815999,-38.14271813588736,-42.17900564288639,
0O0X0OX0X,7.770610114932822,6.103419597516142,-12.795050754691372,-9.465265619719766,
0O0X0OXXO,-11.068732187353984,24.93023778370217,-102.59830429966104,
0O0X0OXOX,-4.068899890679329,-97.94188144555471,17.93035520985613,
0O0X0OOXX,-1.113592312393001,-50.77953485387822,14.831455285042912,
0O0XXOX0O,7.930970071366011,5.931017816607249,-99.51249479513609,
0O0XXOXXO,-162.00000000872166,162.0000000149821,
0O0XXOXO0,1.9500831117835005,-2.5124947951362375,0.38791936091421886,
0O0XXOXOX,14.00000026249863,-13.99999993526861,
0O0XXOO0X,36.190701963798425,-27.26892586700452,-32.39681289864926,
0O0XXOOXX,162.00000006318146,-162.0,
0O0XOOX0X,7.927375294994196,-78.51249479513615,5.927765057278926,
0O0OXOX0X,1.5565923007406346,-5.51249479513627,3.1907019637983907,
0OX000X0O,-43.35296707638023,-34.305057837425196,50.683250032586514,-91.38538994266838,-29.25242086388712,
0OX000XXO,-41.05134000535212,-45.06944261096378,57.7959716154669,-87.10559945622917,
0OX000XO0,-26.036805006472377,-12.530370302106919,28.49081196301318,-18.847477959959058,-12.530370302106954,
0OX000XOX,-124.01415387728007,-117.01413997951983,115.45182115401377,-95.01391843051795,
0OX000O0X,-159.13705748029625,-167.1370576491839,-148.13705686562986,171.5616076527564,-177.13705773629425,
0OX000OXX,7.152733742701539,-8.742610790322319,-25.7950507546993,8.896549425189006,
0OX00XX0O,-66.01667990973385,-87.02065176307606,83.16777837872326,-73.0189586098419,
0OX00XXO0,-130.01403504317233,-131.0140357591624,121.08007460992656,-100.01389144515387,
0OX00XXOO,-76.07405750915633,-68.07101305392196,78.22046514611844,
0OX00XOXO,-37.612080639085775,9.661900875517377,3.73107413299548,
0OX00OX0X,-65.17611338560833,-55.16764902238865,51.816373810152,-31.03246801623119,
0OX00OXXO,10.727297706414882,-0.3378083048302092,-17.443407699259346,
0OX00OXOX,-73.07405750915234,-68.07188225812769,77.19070196380055,
0OX00OOXX,16.710229641050667,-44.2011450695827,-3.150488867783218,
0OX0X0O0X,5.987203654299076,1.5270092352845777,-1.1532351928311981,-9.546742664763357,
0OX0X0OXO,-48.46239577723007,25.633967622873225,-12.11359231239301,
0OX0X0OOX,-28.94188144555477,-4.430720783107158,16.88063860791253,
0OX0XXO0O,-104.25002747357817,46.92322415848575,-33.06867931649643,
0OX0XXOXO,-140.0,140.00000000810792,
0OX0XXOO0,-96.27270229358493,-7.068938981515304,20.929806086228282,
0OX0XOO0X,115.51993305829345,-114.06866493544625,-105.0685837893984,
0OX0XOOXX,154.00000003901988,-154.0,
0OX0O0X0X,-132.01760060035542,-122.01759001947423,-68.01390001834469,89.92453156903804,
0OX0O0XXO,68.3411435427212,-55.06976221629879,-83.08880193563988,
0OX0O0OXX,-24.554401710137906,-23.509167873786208,30.48750520486371,
0OX0OXX0O,-3.0759912669187255,-68.20114506958275,16.911198064361358,
0OX0OXXXO,162.0,-161.99999999088243,
0OX0OOX0X,-128.07405750915447,-68.06854190398246,81.9067149542349,
0OXX00X0O,-34.018395944134866,55.58731782894287,-74.12681212366937,-72.12636668809606,
0OXX00XOO,6.9213990260571325,6.921399026057079,-68.99999999999997,
0OXX00O0X,-18.7634463824567,5.1841641510551835,10.363821567938409,-10.11738472785155,
0OXX00OXO,-40.19868071840005,2.7826292588802835,10.71022964105066,
0OXX00OOX,-84.44340769925918,0.9298060862284034,12.928436874805458,
0OXX0XXOO,-161.9999999975444,162.00000001770678,
0OXX0XO0O,-137.09093175686297,67.9289869460796,-54.068533768302714,
0OXX0XOXO,-149.0,149.0000000275815,
0OXX0XOO0,-148.94188144555488,-4.068530460580443,17.931464997620466,
0OXX0OX0O,0.25361151173676766,9.29864713221917,-14.8092980362016,
0OXX0OXXO,4.00000006164481,-3.999999958678201,
0OXX0OXO0,15.930970071365952,-2.0687321873539615,-104.48006694172129,
0OXX0OXOX,-162.00000001374644,162.00000001710072,
0OXX0OO0X,1.8495111322167601,11.796698501439208,-45.80929803620158,
0OXX0OOXX,0.0,0.0,
0OXXX0O0O,-112.36603237712657,41.92922338514623,-28.06859609821803,
0OXXX0OXO,-162.0,162.00000006318146,
0OXXX0OO0,-73.1986807184001,2.9259424908458453,10.923224158486208,
0OXXX0OOX,3.0000002808563453,-2.9999997919364896,
0OXXXOO0X,161.00000006071326,-161.0,
0OXXXOOXO,0.0,
0OXXXOOOX,0.0,
0OXXO0X0O,90.92646854309945,-153.07077661484615,-77.06852931974461,
0OXXO0XXO,161.99999999088246,-161.9999999977362,
0OXXO0O0X,-107.55440171013774,36.9292233851462,-23.068640148622155,
0OXXO0OXX,-162.0,162.00000006318146,
0OXXOXX0O,-21.99999999999994,21.9999999999999,
0OXXOXOXO,0.0,
0OXXOOX0X,-162.00000001508894,162.00000001710072,
0OXXOOXXO,0.0,
0OXXOOOXX,0.0,
0OXO00X0X,-32.79590067169042,7.362168080305381,7.362168080305352,-5.095207328715974,
0OXO00XXO,-9.396812898649197,21.401695700338713,-28.907535603283886,
0OXO00XOX,-75.94188144555467,-4.071882258129515,17.9213990260571,
0OXO00OXX,-13.07101305391968,-77.33780830483022,26.913125597293494,
0OXO0XX0O,-42.179005642886615,46.80131928160002,-38.14271813588751,
0OXO0XXXO,-152.0,152.0000000232547,
0OXO0OX0X,-106.4434076992594,0.9312872249629989,12.93113548030341,
0OXOX0O0X,72.89456137133176,-59.06857849883317,-115.0821226301561,
0OXOX0OXX,161.99999999088246,-162.0000000168302,
0OXOXXOXO,0.0,
0OXOXOOXX,0.0,
0OXOO0X0X,-157.48006694172116,-2.068529212660911,15.931469301083439,
0OXOOXXXO,0.0,
0OO000X0X,-7.1381751260477895,-103.29316666008819,-79.29234819921207,-120.29323339661212,34.853811472773835,
0OO00XX0X,77.02238378745173,-126.02741116771946,-79.02618987349146,-56.01512235828591,
0OO00XXXO,49.39584404341991,-36.075991266918834,-65.20330149856085,
0OO00XXOX,17.925361145376858,-80.94188144555466,-4.070562671121722,
0OO00XOXX,3.9299645884393755,-86.61208063908568,9.929437328878144,
0OO0X0X0X,89.64318776669782,-109.01765174028912,-108.01764528080119,-68.0140064586517,
0OO0X0XXO,25.731074132995026,-52.462395777230164,-12.098758003708884,
0OO0X0XOX,85.19070196379226,-81.07101305391919,-76.0700354115601,
0OO0X0OXX,74.51993305827827,-73.0767758415121,-64.07188225812776,
0OO0XXX0O,-22.06860323969806,35.9301080093358,-111.6041559565801,
0OO0XXXXO,162.0,-161.99999999088243,
0OO0XXXOX,161.99999999529444,-161.9999999967567,
0OO0XXO0X,12.930858989426447,0.9311354803034211,-100.4434076992593,
0OO0XXOXX,161.99999999088246,-161.99999999274556,
0OO0XOX0X,-101.0685283623755,-172.06873218701145,114.92322415831217,
0OO0OXX0X,-72.06852971346811,-150.07223494272282,85.92737529500022,
0OOX00X0X,91.5348312489389,-101.01691542382822,-138.01704874364393,-70.01401723504004,
0OOX00XXO,73.92811774186805,-140.08082974391363,-60.068532323645016,
0OOX00XOX,95.91119806434247,-82.0685309622871,-144.0698919906325,
0OOX00OXX,8.929964588439379,4.930237783702261,-89.04991688821636,
0OOX0XX0O,6.927765057278876,6.927765057278946,-78.99999999999983,
0OOX0XXXO,161.99999999529444,-161.99999999277154,
0OOX0XXOX,-9.999999999999996,10.000000000000005,
0OOX0XO0X,-76.06852956891817,89.92594249084948,-151.0710130539297,
0OOX0XOXX,-29.000000000000217,29.000000000000167,
0OOX0OX0X,2.9299645884394208,-86.1986807183999,10.929223385146301,
0OOXX0X0O,10.93147012677205,2.931470680247811,-158.1986807184,
0OOXX0XXO,-161.99999995604261,161.9999999199044,
0OOXX0XOX,161.99999999275985,-162.00000000313293,
0OOXX0O0X,-12.068803555102821,25.929630917116683,-99.46239577722993,
0OOXX0OXX,162.00000001685325,-161.99999999575724,
0OOXXOX0X,162.0000000139927,-162.00000001079158,
0OOXXOXOX,0.0,
0OOXXOOXX,0.0,
0OOXO0X0X,40.93144682512731,-156.39681289864902,-27.068529028081446,
0OOXOXX0X,24.000000000000483,-24.00000000000048,
0OOXOXXXO,0.0,
0OOO0XX0X,-19.06893898151523,-94.78497511407721,32.92594249084575,
0OOOX0X0X,35.84093016390056,-69.60415595658012,-22.073531456894365,
0OOOXXX0X,161.99999999529444,-161.99999999896443,
0OOOXXXXO,0.0,
0OOOXXXOX,0.0,
0OOOXXOXX,0.0,
X0X000XOO,12.911293322560732,-13.173869129997293,5.548927850586159,-48.00163037614078,
X0X000O0O,175.3670219849975,-187.13705733583032,-196.13705734689833,-186.1370573338687,-148.13705643312008,
X0X000OXO,52.796875728163364,-41.111058387372864,-47.13567744075833,-39.09895536101085,
X0X000OOX,16.714892313927308,-21.089111861526526,-3.3464520832625,-8.103450574801132,
X0X00XO0O,-51.01470548961168,-85.03430167058602,-100.03482674735709,72.58603565853912,
X0X00OXOO,-9.512494795136243,2.7988549304172183,4.519933058278571,
X0X00OO0X,-3.71911749300438,-9.58475822626801,13.453257340380912,-7.29766681004286,
X0X00OOXO,54.899611316744625,-45.09588518818559,-52.12354223349675,
X0X00OOOX,-41.3968128986489,38.72729770641473,-27.15048886778303,
X0X0X0O0O,-151.01387715508938,-191.01387805957347,-181.01387803057688,172.32728384535054,
X0X0XOO0O,32.930644599158335,-113.7849751140771,-19.068589636335194,
X0X0XOOXO,162.00000006318146,-162.0,
X0X0O0X0O,14.700941818539404,5.187103590744639,-32.12617686739392,-21.892935305690276,
X0X0O0XOO,-22.069141010573382,35.920340251994666,-90.60415595657994,
X0X0O0OXO,56.48750520486375,-49.10193199610393,-50.1054386286697,
X0X0O0OOX,-25.07101305391954,-76.46806152602448,38.87068943958151,
X0X0OXXOO,161.99999999529444,-161.99999999961588,
X0X0OXO0O,124.92536114553393,-185.06860323986925,-111.06852824044361,
X0X0OXOXO,162.00000006318146,-162.0,
X0X0OOXXO,-161.99999999525483,161.99999999088246,
X0X0OOXOX,-2.0000000000000204,2.000000000000024,
X0X0OOO0X,126.923224159201,-113.06852824569899,-184.0685896369373,
X0X0OOOXX,-161.99999999088243,162.0,
X0XX00O0O,-60.01391514848504,-130.02215524648696,-116.02213227820943,81.94013135324545,
X0XX0OO0O,45.928117741870466,-112.26892586700443,-32.068596098217974,
X0XX0OOXO,162.00000006318146,-162.0,
X0XX0OOOX,1.9999999464599734,-2.000000043835014,
X0XXXOO0O,-161.99999999088243,162.0,
X0XXO0O0O,56.92898694608021,-126.1356816792911,-43.068544939318045,
X0XXO0OXO,162.00000006318146,-162.0,
X0XXOXO0O,-161.99999999088243,162.0,
X0XXOOO0X,162.00000006318146,-162.0,
X0XXOOOXO,0.0,
X0XXOOOOX,0.0,
X0XO00X0O,-17.201962582778304,27.418148412416812,-10.69890280666063,-46.75056894896545,
X0XO00XOO,-15.201145069582708,-4.462395777230172,13.519933058278587,
X0XO00OXO,28.917339025771888,-17.26892586700451,-32.93688971594004,
X0XO0XXOO,-2.0000000109729195,1.9999999865977347,
X0XO0XO0O,40.92694455872358,-104.39681289864909,-27.068679316496826,
X0XO0XOXO,144.00000001850873,-144.0,
X0XO0OX0O,15.930461462622397,-2.0689389815153367,-97.4800669417214,
X0XO0OXXO,-162.00000001865112,162.0000000139927,
X0XO0OXOX,-162.00000001391774,162.0000000149821,
X0XO0OO0X,64.93110010931757,-51.06852931975061,-153.0987580037071,
X0XO0OOXX,-162.00000001487965,162.0000000139927,
X0XOX0O0O,168.90906825741774,-216.06852913731404,-155.06852821802036,
X0XOX0OXO,162.00000006318146,-162.0,
X0XOXXO0O,-161.99999999088243,162.0,
X0XOXOOXO,0.0,
X0XOO0X0O,61.92811774187061,-48.06854190398238,-128.10931262710648,
X0XOO0XXO,-161.99999999088243,162.0,
X0XOOXX0O,147.00000002511064,-147.0,
X0XOOXXOO,0.0,
X0XOOXOXO,0.0,
X0O000O0X,-45.37867609018961,-34.324939612977836,49.90991481214096,-28.2583192119765,-53.393390465286274,
X0O000OXX,-102.0149651370593,-85.01441162384374,101.16835768695685,-90.01467809786186,
X0O00XO0X,-99.01412580707431,-101.01415608132264,111.86710856038361,-103.0141808677128,
X0O00XOXO,-69.07127435299732,-75.07353145689513,78.55659230074941,
X0O00XOOX,-62.07101305392059,-76.07860097394371,73.72729770641601,
X0O00OOXX,-93.07223494272796,-72.0689821833996,84.77627657379699,
X0O0X0OXO,2.931196444897127,-103.19868071839976,10.931061018484645,
X0O0XXO0O,-69.1986807184,2.9232241584861374,10.919170256082397,
X0O0XXOXO,3.000000024642887,-2.999999981744237,
X0OX00OXO,-93.10038868325489,-0.06920545883055795,13.930108009335893,
X0OX00OOX,-70.07036908288542,80.51993305827845,-79.07305544127865,
X0OX0XO0O,-146.0851299785418,70.93010800933952,-57.06853046058103,
X0OX0XOXO,-161.99999999130154,162.0000000149821,
X0OX0XOOX,-161.99999999878565,162.000000038907,
X0OX0OO0X,-43.0835512959975,54.91733902577138,-58.13568167929114,
X0OX0OOXX,-161.9999999911152,161.99999999088246,
X0OXX0O0O,-176.06855079765054,136.88168003461107,-123.06852830720831,
X0OXX0OXO,-161.9999999817746,161.99999999892287,
X0OO00XXO,-27.203301498560798,-36.39681289864919,37.5199330582787,
X0OO00XOX,-123.06856938012282,126.55659230024602,-117.0685507975892,
X0OO00OXX,-78.074057509154,78.79885493041694,-68.07056267112175,
X0OO0XX0O,0.0,0.0,0.0,
X0OO0XXXO,0.0,0.0,
X0OO0XXOX,-162.0,162.00000006318146,
X0OO0XOXX,-161.99999999225278,161.9999999667828,
X0OOX0X0O,-29.20330149856077,38.899611316745435,-36.338099124482596,
X0OOX0XXO,-161.99999999088243,162.0,
X0OOXXX0O,0.0,0.0,
X0OOXXXOO,0.0,
X0OOXXOXO,0.0,
X0OOOXXXO,0.0,
X0OOOXXOX,0.0,
XXO000OXO,-158.07156312520365,87.92922338515456,-74.06852887696984,
XXO000OOX,-64.06953853737946,76.77627657379794,-85.07677584151573,
XXO00XO0O,-67.44340769925937,0.9223571410617601,12.914870021459087,
XXO00XOXO,-161.99999998911804,162.00000001710072,
XXO00XOOX,-161.99999999948614,162.0000000149821,
XXO00OOXX,-162.00000002653746,161.99999997348817,
XXO0X0O0O,-171.07101305392825,-76.06852838042869,89.93072331531592,
XXO0XXO0O,-161.99999999431378,161.99999999665738,
XXOX00O0O,20.95008311180706,-14.119361392082293,-16.33780830482514,
XXOX00OXO,19.000000000000135,-19.000000000000114,
XXOX00OOX,161.99999999088246,-162.0000000054527,
XXOX0XO0O,19.999999999999947,-19.999999999999904,
XXOX0OOOX,0.0,
XXOXX0O0O,-12.00000000000009,12.000000000000098,
XXOO00X0O,-14.312756653738319,26.092464396715997,-31.223723426198084,
XXOO00XXO,-161.99999999088243,162.0,
XXOO00XOX,157.00000005300436,-157.0,
XXOO0XX0O,0.0,0.0,
XXOO0XXOO,0.0,
XXOO0XOXO,0.0,
XXOO0XOOX,0.0,
XXOO0OXOX,0.0,
XXOO0OOXX,0.0,
XXOOX0X0O,134.0,-133.99999999946584,
XXOOX0XOO,0.0,
XXOOXXXOO,
XXOOXXO0O,0.0,
XXOOO0XXO,0.0,
XXOOO0XOX,0.0,
XXOOOXX0O,0.0,
XXOOOXXXO,
XXOOOXXOX,
XOX0XOOXO,0.0,
XOXX0OOXO,0.0,
XOXX0OOOX,0.0,
XOXXXOO0O,0.0,
XOXXXOOXO,
XOXO0OXOX,0.0,
XOO0XXOXO,0.0,
XOOX0XOXO,0.0,
XOOX0XOOX,0.0,
XOOXX0OXO,0.0,
OXOX0XOXO,0.0,
