000000000,-146.20558798611876,-199.20558854213894,-149.20558813096196,-177.20558851973283,168.1277782252041,-146.20558798607877,-145.2055879273569,-160.2055884071238,-135.20558683919828,
00000000X,-139.35701650248788,-139.35701650244795,-109.3569923251428,-142.35701683077636,161.6075014991298,-141.50606673117838,-124.35694492827899,-146.52591942562702,
0000000X0,-141.25327386552837,-138.25327349882502,-130.2532717652229,-141.25327386550347,179.80172761151744,-142.54851414686294,-135.5460308389618,-131.54771165082596,
0000000XO,-157.08240783866032,-147.08240740720356,-146.08240733541362,-144.0824071684049,169.2001243271351,-173.0824080390624,-178.082408059006,
0000000OX,-156.08240628482176,-186.0824065485112,-144.08240564096732,-201.08240655923416,176.54058135291103,-169.0824064866909,-236.0824065622251,
000000X0O,155.33267176501982,-146.0824152685311,-147.08241534031657,-150.08241551722216,-122.08240770759026,-150.08241551722378,-197.08241601826276,
000000XXO,-11.010726671032874,-70.65286756417393,8.03942621227563,-61.650373521495325,21.072713421114436,-34.59186228166618,
000000XO0,146.2800868328721,-212.08243184479966,-125.08242568573316,-193.08243183896,-113.08241139355951,-198.08243184166827,-221.08243184541212,
000000XOX,-44.09955860046079,-23.943012547756943,-57.11722877171671,-60.11894283761236,54.233453357219034,-77.1229459778653,
000000O0X,-124.08240993361083,-153.08241636699063,154.7519096946274,-141.08241549788477,-136.0824146910685,-144.08241582022663,-186.0824167277681,
000000OX0,51.917395837608176,-146.41069569324594,-145.41069561647308,-131.41069315166763,-16.0824119329402,-145.41069561647402,-145.41069561647276,
000000OXX,19.279629088299938,-87.37043683084123,-7.464999312112807,-14.931220375440024,7.019071317720581,-39.33167125505835,
00000X0XO,13.05686078578946,-52.46021132028892,-65.4678736279915,-61.4664622694681,19.043767832362406,-62.46686968053994,
00000X0O0,-145.08281901295513,-145.0828190129539,-146.08281909228657,-151.08281938908783,-83.08240905963612,-145.0828190129547,118.82761702899585,
00000X0OX,-27.3472948395231,-12.942578844435452,-8.669257944669708,-70.4745434006141,33.809652880491896,-42.44764531335753,
00000XX0O,-56.91165014212022,-62.91469579348358,-76.91748606360653,-72.91703693976909,82.71390533331223,-106.91835372068684,
00000XXO0,-37.94175142838734,-43.962035634649396,-54.97846557518314,-84.9862458968268,64.20873494575201,-65.9839286444149,
00000XXOO,-55.165752331993374,-46.15107404745614,-79.17488551379274,-67.1727721503906,69.37827711976885,
00000XO00,-157.08240742864905,-175.0824076382346,-155.08240737305448,-146.0824069254029,170.4397550168116,-166.08240757765822,-144.08240675838752,
00000XO0X,-4.16595170342897,-58.398736328210134,34.313874306487335,-56.39744803088985,-22.18943569644604,-73.40325546229957,
00000XOX0,28.13560186064672,-80.52828222983443,-28.412893546317875,-30.434025462693555,2.8238382736419063,-82.52839758917423,
00000XOXO,11.42051603624596,-14.811240341978145,-10.527677522814763,-4.94506920666322,5.1233969487454525,
00000XOOX,-65.27757963493447,-51.26640449348059,56.183665700897706,-65.27757963493453,-30.159480490719346,
00000O0X0,-158.0824095865307,-145.08240898005167,-141.08240857002954,-162.08240966143302,163.83689328108,-143.08240879547424,-142.08240868838342,
00000O0XX,-59.30536578611098,-75.30960609808194,-67.30829168545989,-20.044783915197797,19.422917437526085,11.639341663096015,
00000OX00,-130.08261181797954,-158.08261532699782,-147.08261487165757,-147.0826148716557,-90.08241156137575,-144.08261463286607,125.61581513542238,
00000OX0X,-50.766326994561354,-74.77767001488037,-67.77652335669386,-8.996790551501574,40.03659764720501,-33.7103276759105,
00000OXX0,-131.9075477736049,-144.90755049112045,-76.90663740158034,-92.90736696077334,-77.906724394017,101.61833568553095,
00000OXXO,-28.23413006052852,-40.3373729129023,34.072848675344915,-26.201195998078322,-10.546615579563465,
00000OXOX,-116.13707289595612,-147.13709448093078,-158.13709516023857,-120.13708034779442,138.37962093005297,
00000OOXX,-26.081480023586117,-41.22354773068945,-23.01683553322708,-13.644769011265094,35.125111865708206,
0000X0000,87.85431341792359,-133.49360753809316,-25.16971742416608,-138.59153877699544,-136.6048230357648,-78.57197317518853,-131.6397869229054,-69.57360640132467,
0000X000O,-223.0824218951235,-144.08242097411699,151.03147782147477,-144.0824209741117,-132.0824188364539,-123.082414371498,-129.08241776622774,
0000X00XO,-140.90562548166236,-143.90562587537445,159.12899861509044,-143.90562587537502,-143.90562587537545,-142.90562575702103,
0000X00O0,-139.08240601885223,-233.08240753777906,-173.08240748721175,-179.08240751008992,-178.0824075071628,-148.08240692031032,171.00675132556188,
0000X00OX,63.43733006926928,-89.63173695453652,-63.37462764504281,-54.63899679949144,-5.784526443740566,141.68150155532692,
0000X0X0O,-147.90562236069047,-160.90562290945226,168.79062475095733,-163.90562296273538,-144.9056220967762,-160.9056229094511,
0000X0XO0,-9.094582025757177,-26.732154137564788,31.374301108179736,-29.76787285914325,-12.301199673720367,-20.61800352046781,
0000X0XOO,-28.5531808040719,-32.60049112863741,31.65911529511269,-9.799089072302426,-19.340990562239813,
0000X0O0X,168.75195725722548,-153.9056227722099,-152.90562272866936,-144.9056221679432,-156.90562287951056,-161.90562300018473,
0000X0OX0,160.98000326035825,-143.90562484480307,-144.90562495189505,-144.9056249518935,-144.9056249518949,-145.9056250487953,
0000X0OXO,-23.89459111555956,6.934437671460443,-29.997471613029695,-10.263278291818441,15.856820130936038,
0000X0OOX,173.15882533993528,-174.13705755890635,-157.13705725274076,-163.1370574217554,-153.13705706850527,
0000XX0O0,-44.07530914170838,-51.0875700674118,-35.03967453359087,-21.8777981590223,25.86791248388196,4.669200895714791,
0000XX0OO,-32.6139208903563,-30.59267966269423,-20.38905737683831,19.315672235794302,6.064686455316769,
0000XXXOO,-19.42699007988918,-21.513213600435495,21.9604340177479,-5.062855378592268,
0000XXO00,-131.90562538556836,-144.90562810360657,-145.90562820050667,156.21785324670574,-144.90562810360706,-140.9056276028009,
0000XXO0O,-139.13714028255498,-152.13714193111457,-158.13714220976888,130.4817321673197,-103.13705961089428,
0000XXOXO,-9.347801415379966,-11.5822950742828,-30.419978674675797,23.28699940165921,
0000XXOO0,-130.13781170821315,-139.13781501568624,-132.1378127185142,108.69859275691144,-81.13706879233601,
0000XXOOX,3.345914265646826,-17.93845216250063,-10.360018337942922,11.943679441089753,
0000XO0X0,-29.298295804211527,4.268967963498715,19.199574880541796,-72.40310759354476,-39.3655871260504,0.5045539948516709,
0000XO0XO,-135.14010978560063,94.791209661262,-67.13707824114837,-126.14010485256225,-124.14010301209558,
0000XO0OX,175.00001405592036,-178.1370572350816,-158.1370569420024,-156.13705686695914,-163.13705707536877,
0000XOX00,-49.0714028512251,-80.08551394211658,56.146833102156265,-121.08616810874146,-79.08544398087598,-24.92207874720357,
0000XOX0O,-26.811057999950123,-22.72649197405304,38.16268683837258,-19.63596079196804,-38.92999631324554,
0000XOXXO,-103.01567089786818,-80.01466632438076,96.63998166202569,-85.0151056507761,
0000XOXO0,-12.936593524126202,-31.493138932466074,32.34557482358656,-22.335426721679077,-19.24126799233336,
0000XOXOX,1.9225657643982552,-14.73463716610371,11.959196741348816,-9.226468676038698,
0000XOO0X,172.71719078858519,-148.13705670663774,-192.13705761668717,-170.13705752590886,-162.1370574007928,
0000XOOX0,-38.25342102356845,54.47920366075068,-56.29883186791943,-43.27485291342563,-35.23432590175778,
0000XOOXX,20.959196741336612,-5.374394518871823,-20.7434803372215,-15.468040758956262,
0000O000X,26.807912202623857,-100.52569982613511,-3.4053008215942038,-61.522224337430416,-17.232639165495385,0.018360119904488048,-25.395120678840495,
0000O00X0,-134.08288511342894,-143.08288659961474,117.31254317407792,-132.08288455895013,-142.08288649252506,-88.0826384666389,-89.08266217677433,
0000O00XX,-155.90562245169497,-177.9056227530865,-149.90562217303898,-148.90562210808434,-158.90562253954505,170.7116837600552,
0000O0X0X,-151.90562373658042,-145.90562332087416,-157.90562396472603,-146.90562340855382,-146.90562340855342,165.12062010790385,
0000O0XX0,-142.90562170750005,-188.90562293870266,-172.9056228892821,-160.90562274561984,-150.90562239237278,169.93943151296932,
0000O0XXO,38.72582931963817,-58.929526457335754,-43.90548420544476,-14.358664542036948,-26.765889915045477,
0000O0XOX,-24.86528335456753,29.309803679509123,-16.60707086729725,-10.20872536884833,-21.792248148460295,
0000O0OXX,-42.37319668376411,-68.4065741322547,49.764907103863855,-32.31094646226575,-29.27632560556642,
0000OX0X0,-139.90562315192346,-152.90562437321842,-145.90562390939232,-188.9056248182461,-145.90562390939147,163.43345635993447,
0000OX0XO,41.45443064472118,-29.622835065716153,-23.516006129564996,-36.6876915519323,-26.577512631007778,
0000OX0OX,-163.13705861397221,-143.1370573004903,166.10207029925556,-159.13705851286176,-156.1370584055622,
0000OXX00,-144.90562351323885,-140.90562301243364,-169.90562444791288,-170.9056244558658,164.4163977354303,-145.90562361013863,
0000OXX0O,120.32076992468667,-108.13724409258617,-117.13727394423081,-98.13715765643032,-113.13726388549536,
0000OXXXO,171.16259806202694,-159.0138778090093,-167.01387803698356,-157.01387771734963,
0000OXXO0,-35.37622292607913,48.39263033302392,-42.41275736826472,-30.328945424319038,-34.368573445810064,
0000OXXOX,-164.0138779211211,171.9591967755228,-155.01387755461573,-169.0138780199212,
0000OXO0X,-81.15598100711324,-65.15302724815847,76.16470262819033,-54.145606036428774,-64.15263794842554,
0000OXOX0,-26.565678296880183,-61.73441955723439,41.65147795129853,-46.716263045230484,-18.348284487003166,
0000OXOXX,-154.01387762104818,-166.01387809802435,170.38697587271415,-162.01387799691358,
0000OO0XX,-64.21944461305537,-74.22201305117724,-59.21680803668545,-35.149408824818146,61.32729780336628,
0000OOX0X,-171.1370573157945,-177.1370573574734,-183.13705738034653,-149.13705657448855,174.9982600683237,
0000OOXX0,-47.29568668560037,-86.31729217210463,-67.31475656773259,-7.165659338202055,34.63172648827003,
000X0000O,-138.08241212778694,-151.08241334908655,-140.082412432111,-132.08241074759295,-143.08241278835905,157.6867042858999,-144.0824128852584,
000X000XO,-6.3810601075898195,-72.38403334351129,19.24472127486117,8.43116791922231,-32.306719201011724,-52.3748485901148,
000X000OX,-49.947357691941825,-40.927564842628755,-57.954814863014036,68.04698526042392,-84.9604870058939,-69.9590644681417,
000X00X0O,32.42789728304807,-59.684259744315824,-5.60850476539337,-12.110689133617713,-38.647526436336655,-101.68929827949304,
000X00XOO,83.42542686762143,-87.14616808047722,-86.14612491598676,-57.138331897855174,-87.14616808047731,
000X00O0X,-27.380400672148987,-7.616210214931998,-3.146054383005328,28.222367720340937,-44.485601256622225,-50.49614934360508,
000X00OXO,-20.193159119522505,-16.028592708412926,-10.696642086404992,26.992021245398327,-14.975519579050733,
000X00OOX,-11.691690881847114,-10.609683766564373,1.0000249265198868,11.286360135280994,-0.2595058868463096,
000X0X00O,-43.9096668495753,-117.93439859091178,-101.9343388687095,74.58212138141113,-62.930716239321434,-89.93416525198839,
000X0X0O0,-105.91183195908089,-65.90913703897229,-102.91181437050119,89.85068326108356,-72.91051910382176,-68.90984861540953,
000X0X0OO,-52.32220737195757,-76.33434267118163,-69.33311596573692,52.95923556125905,-26.1543643485693,
000X0XXOO,5.7648049031434265,-15.188512328910948,-43.851532324214006,13.214770571464458,
000X0XO00,-140.90825980511173,-118.90824761779653,-71.90675427742251,98.48697611011039,-76.90734728105882,-91.90805738051994,
000X0XO0O,-63.191237675636216,-73.19408421718984,-68.19300962719504,65.21530676161707,-39.145993060045264,
000X0XOXO,-36.721619302923784,-29.635344655597116,-18.284296751954926,35.94367944108885,
000X0XOO0,-55.03490476412658,-37.98924997506711,-29.92039903313095,37.39618597441062,-12.342717792588735,
000X0XOOX,-39.33162929484538,-42.34853234806184,-9.14267556362827,30.071409003000717,
000X0O000,-121.08262344535146,-144.08263171362321,-98.08254097574593,-144.08263171362466,-95.08250890776443,-144.08263171362682,124.83390769108682,
000X0O00X,7.940305884105183,-18.410826051641255,-19.440974805077882,3.8546561720410666,9.416819188376387,-10.014210507033738,
000X0O0X0,-23.841829874405683,-46.00440545926568,26.145629834360843,-8.178535824435189,-17.689130001194265,-2.5888218991294143,
000X0O0XO,-22.45211306332417,-27.555750253111757,31.538974291583422,-16.23204262293409,-14.12225428161425,
000X0O0OX,47.71782145730475,-35.397773374714674,-58.462836995163386,-33.38169780769175,-27.308463400995144,
000X0OX00,17.573494578675163,-46.10498338431505,5.976081803676093,-25.977066631578197,-52.11395517359307,0.8440790424640698,
000X0OX0O,74.78592887681612,-111.15959577988505,-47.13722978802116,-99.15950951146434,-122.15962058546172,
000X0OXXO,-22.10253578945732,-62.455126430169614,41.82335621297283,-37.3825826712021,
000X0OXO0,15.210440965816865,-19.05223714746339,2.323993330386537,-5.006509656978886,-13.807970947059466,
000X0OXOX,15.815822723903342,-21.435950013678237,-11.848660197838472,0.07679017816479838,
000X0OO0X,-19.162429815193008,-59.5172196651703,-50.50772278436995,46.196816747044885,-71.52176324149677,
000X0OOX0,-23.425532987257085,3.3288629304815975,2.0023743412684025,10.893794435376059,-14.06863532527297,
000X0OOXX,-18.42950300037102,-18.42950300037098,-1.3988551278155343,18.29631153266799,
000XX000O,-162.9056232912311,-172.90562339762772,-146.9056226258711,167.7968203986988,-146.9056226258704,-148.90562277699146,
000XX00OO,-94.1873122242902,-107.18745987917659,-87.1871064583412,66.72953454438795,-39.13772675204883,
000XX0XOO,1.0017067741116625,-15.448077484741207,8.733233741110004,-1.6448274192564596,
000XX0O0O,-109.38488610503452,-66.38165747672774,-89.38460240615092,50.712943924191805,-23.14079216558803,
000XX0OXO,-34.229828479302284,-18.843960952990432,-15.66520330919899,30.535440430877863,
000XX0OOX,15.049231101717256,-20.707020926882397,-12.178154937118324,1.0240908600219778,
000XXO000,-29.691479404985294,-54.785302329248125,27.035744514662827,-7.927070518530492,-35.73770676783076,-1.1537111688181212,
000XXO00O,-44.34208204658165,-33.28245880167218,27.709860583353752,-7.226189693901416,-10.535911766529768,
000XXO0XO,-86.14948747245151,6.975998799593938,14.97102328119908,-64.14463452945388,
000XXO0O0,-18.016684298579637,-54.41012759633365,-6.153656703958916,8.004202994212166,13.170080184642217,
000XXO0OX,27.66799406858341,-35.64763974277237,-10.654250599609487,-19.26755619900448,
000XXOX0O,-154.01387744757437,-165.01387790292972,171.56493066935147,-169.01387797783397,
000XXOXO0,-1.5207164280415886,-12.089936757762345,15.251222795975604,-13.184177276096916,
000XXOXOO,17.90906824313694,-67.94188144555477,-4.075991266918797,
000XXOO00,-42.2872295350497,-6.04305950662722,-36.25723689721363,27.952436344160297,-12.641192994961267,
000XXOO0X,30.424256017191347,-18.858518164271942,-26.10989175853334,-17.80519489623218,
000XXOOX0,-13.023247601295138,7.412708618521814,-18.373649211627118,9.176882909625917,
000XXOOXO,-72.4307207831071,39.83145528504292,-26.07223494272108,
000XXOOOX,45.51993305827843,-35.129310560418276,-44.21737074111962,
000XO000X,-140.90563288499106,-127.90562883015792,-132.90563102331438,-177.90563436649492,-133.90563134503643,151.19650492356865,
000XO00XO,41.26439066028578,-39.7156824750967,-17.330295256468162,-47.74159080119873,-30.646683594531012,
000XO00OX,-153.1370580276757,167.18782290725574,-148.13705766514948,-158.13705824755948,-157.1370582119117,
000XO0X0O,163.36546654999495,-146.13705848306566,-150.13705885407074,-156.1370591944231,-148.13705868705742,
000XO0XXO,172.26073811486273,-185.01387810206228,-166.01387792722844,-153.01387737846647,
000XO0XOX,-152.01387730730963,172.03797471218724,-170.0138780031835,-182.0138780994834,
000XO0O0X,-170.1370574595038,-156.13705714759993,173.41415979350668,-153.1370570027605,-170.1370574595041,
000XO0OXX,-167.0138779097223,-171.01387797104934,172.91088822834044,-155.013877478136,
000XOX000,-125.90563212091715,148.34499382819786,-131.90563519259493,-130.90563479964547,-138.90563707349972,-140.90563740982483,
000XOX00O,37.19863306161479,-38.00665026089277,-49.04386658991878,-37.00077055645744,-11.284603746303754,
000XOX0XO,-141.01387732008976,-180.0138797739093,-167.01387963858588,162.08300495339083,
000XOX0O0,-27.69660065756832,25.512523339956175,-13.205984780560083,-14.26929911050504,-7.76334977323973,
000XOX0OX,-203.01387988039528,-140.01387711755945,161.94306512632159,-200.01387987861682,
000XOXX0O,64.19810382328318,-49.03792959483495,-61.055194732852065,-53.04607859071501,
000XOXXO0,161.45882776000568,-140.0138773212406,-187.01388006398273,-171.01387996446533,
000XOXXOO,58.60318710135104,-45.07036908288285,-79.12354223349665,
000XOXO00,-23.57801400787709,-29.68418606324785,14.38310501363867,-20.494903458093326,10.635611166656576,
000XOXO0X,-45.121542618955715,-39.091422025532054,53.30662739764465,-44.117694448755195,
000XOXOX0,-154.0138774500398,-185.0138781018501,171.6576906550244,-161.01387779364984,
000XOXOXO,2.1425744626740135,-23.19868071840006,9.776276573801969,
000XOXOOX,-94.10193199610374,-50.0689389815149,63.809445959523394,
000XOO00X,-159.13705754934654,-167.13705771823436,-161.13705760494094,170.79591873768322,-149.1370570223589,
000XOO0X0,10.76946783622542,-34.65658463574349,1.9091203921642985,-7.632042824578919,1.9091203921642532,
000XOO0XX,-31.507165559244136,-41.59698863105122,-20.216923118745243,38.23381319250095,
000XOOX00,22.330866019493882,-20.384948764568406,-11.977782051976144,-1.8107531594594595,-22.44378958562999,
000XOOX0X,-7.091409480033734,3.1527337427592528,-24.32160668432209,11.667994068664807,
000XOOXX0,-12.399280589775115,-37.2400900341112,-25.05165684171184,30.67933828458273,
000XOOXXO,60.88168003355656,-100.11359231239238,-47.06875364123775,
000XOOXOX,102.76710333309961,-89.06853941885825,-130.06920545883114,
000XOOOXX,-23.718963812166432,-20.55440171013791,28.38791936091427,
000O0000X,-143.08241013456237,-203.08241115028244,-137.08240929742988,-137.0824092974255,-149.0824105939881,161.43544512058077,-149.08241059398785,
000O000XX,-22.1359288549094,-99.3520910577688,-93.35201141253074,-23.15671115813057,-42.323192654301494,46.957772624927,
000O00X0X,-4.5682156420896565,-30.66807069074639,-45.740167222449614,31.998616639711408,-22.553268296496864,-20.506736796535996,
000O00XXO,-130.13706932929094,-142.13707322436161,-134.13707116689315,145.85916089849854,-127.13706737921447,
000O00XOX,-148.1370788681946,-145.1370785458493,-127.13707226558414,143.51712112714816,-121.13706607998455,
000O00OXX,-2.0255231239501614,-42.848974793683574,-22.626494514743047,25.38170628569311,-17.456265649291723,
000O0X00X,-14.677700032151789,-37.07933626422708,15.520258437906795,-20.883510139279736,13.659830398354854,-47.11029778636604,
000O0X0X0,44.27750584750335,-50.47269621083985,-63.482042510479104,-35.427843133726675,-17.13128964295947,-26.343024041618133,
000O0X0XO,-7.0625669391091765,5.319851079864343,-14.665116290925814,9.93201217349209,-4.785618041939373,
000O0X0OX,-29.197889144863858,-70.32964498746196,53.14935927225187,-40.28745761446264,-52.31850036464167,
000O0XX00,-20.675634278809728,-12.360679918936597,-1.3088464763549212,20.37151992080283,-24.758693202458446,-1.3088464763549057,
000O0XX0O,-25.852426644263076,-24.832588101523534,-17.61877164399768,37.465103392549494,-36.977359721918404,
000O0XXXO,-23.53463749958071,-30.692859921771475,-22.50126393568614,35.4242560171896,
000O0XXO0,-29.404277222784962,-20.20956893788931,19.796528911503508,0.8777339363835779,-8.52247206894453,
000O0XXOX,-12.675469845559808,-25.310627172099885,3.207859689833537,13.950936849194962,
000O0XO0X,-5.5522128811664135,-47.8722132199898,30.367725546787145,-20.57870851870748,-45.86759835034077,
000O0XOX0,27.140785075582066,-19.12568588994916,-13.88322906826356,-11.744170363403043,-17.043596623000564,
000O0XOXX,27.455529485200394,-54.76161519577586,-12.897460654227777,-13.984421880526849,
000O0O0XX,-30.410008133265414,-42.49314622615759,-43.49654152967127,-0.37030418072801696,26.949024140135624,
000O0OX0X,-213.13705758333217,-195.1370575763367,-200.13705757963447,-146.137056459365,173.73186568845364,
000O0OXX0,-129.1462952990645,-122.14628905999506,-100.14618960147129,-56.13718690786156,83.72082581846567,
000OX000X,78.29085284846278,-54.917262515443,-64.92247074842697,-110.92547011977409,-55.91804676227996,-74.92438606796951,
000OX00XO,-29.174487672415516,15.444984573556276,9.793634987136127,-28.160260694047903,-19.9752079978984,
000OX00OX,173.25466493494002,-167.1370574257195,-153.1370570046917,-168.13705743883344,-157.13705718892814,
000OX0X0O,-175.13705749666622,-155.1370571010521,173.55407475672322,-156.1370571445919,-162.13705733138127,
000OX0XXO,-26.950768898281183,-11.134533391022636,17.606233235292027,-1.693921735515632,
000OX0XOX,6.662874190157463,-21.975237556733568,12.238384804234157,-20.936221001076323,
000OX0O0X,173.3999200074855,-162.13705734128095,-154.13705706283193,-160.1370572909774,-165.13705740016894,
000OX0OXX,71.08315236316744,-51.01813007525746,-77.03689145206447,-71.03565501934969,
000OXX00O,-33.383644650192096,-6.211562846405249,-27.310424552012673,27.218783995910343,-12.799990342366295,
000OXX0XO,4.367598381370046,1.4736177493962765,-6.132891439560762,-1.2031242718372837,
000OXX0O0,-15.360976377564317,-36.82232932863225,-6.678830091232573,0.43489087792059733,18.843823834700345,
000OXX0OX,24.324775145690314,-26.110484458899386,-12.434546574699239,-11.332932570448683,
000OXXX0O,-41.43506936474956,-2.0950688558105757,16.709038416729637,-6.9487850351843905,
000OXXXO0,-12.24442488139741,-18.67697989502546,20.8654547484679,-7.7505689489665315,
000OXXXOO,-34.17900564288631,-38.23289666692946,42.801319281599724,
000OXXO00,123.85245123458597,-114.13719597240059,-132.1372190162517,-112.13718986005738,-101.1371222799476,
000OXXO0X,172.5520675334814,-164.01387780999187,-156.0138775022592,-169.01387790879184,
000OXXOX0,173.0131080964938,-157.01387751772094,-165.0138777961689,-167.01387783735424,
000OXXOXO,-30.072624705005765,43.76710333307034,-71.31275665373826,
000OXXOOX,-9.101931996104202,-51.90753560328389,22.76710333307033,
000OXO00X,1.0249085113298873,6.48935532023895,-13.81076135748586,2.3205399555408603,-2.668380218631272,
000OXO0X0,-3.635073904739896,3.906829663814486,9.912434210347334,-9.296586186982788,-9.296586186982763,
000OXO0XX,7.634274513058514,-7.266766258890768,-10.676003164275773,4.415241770273644,
000OXOX00,-167.13705908229232,-142.13705754127088,164.9024713650777,-164.1370590340794,-150.1370584657517,
000OXOX0X,-0.6933726023522446,-1.9850369652704614,-3.2418093005736717,4.966694404392027,
000OXOXX0,-14.766186807498249,-13.685791322112626,16.675426498147235,-2.110484458898568,
000OXOXXO,-76.78497511407726,32.8980680038958,-19.071013053919685,
000OXOXOX,-37.150488867783224,45.80131928159988,-41.19055404047736,
000OXOOXX,33.68724334626168,-20.085129978540998,-57.71896381216645,
000OO00XX,-44.36119602900766,-71.38877288513939,-49.3728377133839,-0.19875812411180638,27.615055196462706,
000OO0X0X,-171.1370617824899,-165.13706170654686,-164.13706168884457,-131.13705683138983,158.01427544731598,
000OOX00X,-26.637325742582174,-24.5986785795267,30.894527478888627,-9.923768883660642,-20.493061358651463,
000OOX0X0,14.236779443942131,-32.78962946170796,-4.388925025000199,-6.676921240027005,1.7155400669555099,
000OOX0XX,-22.47828219825695,-28.63589454664167,-9.626078977264243,27.157383842327597,
000OOXX00,-21.725498186873324,-15.488643891716391,-11.223901671740004,-2.17331097907119,21.361475542287458,
000OOXX0X,-23.12677109340113,-25.18640926204622,-5.729038390713368,23.858507958485422,
000OOXXX0,-13.783343558738121,-20.155333277809504,-25.328588770958646,28.664458484377416,
000OOXXXO,21.519933058278507,-11.718963812166443,-21.598304299661294,
000OOXXOX,-61.22372342619799,-14.080829743917608,27.831455285042885,
000OOXOXX,-48.06927668468723,-88.10931262710666,61.749972526420635,
00X000X0O,-35.906564235474896,-90.96134890528441,-79.96089956820497,67.92481192162461,-110.96154275819873,-121.96156299960822,
00X000XO0,-68.91616358240378,-52.908125657467544,-108.91815869581585,82.87435575526622,-85.91782467263025,-103.91813455048735,
00X000XOO,5.540789711389593,-23.84369216204732,-16.607386102328576,18.358062941330832,-25.88536379733241,
00X000O00,-146.08240590398117,-163.08240652051813,-178.08240662757615,-180.08240663315303,-155.0824063516366,-191.08240664994005,176.76246259869887,
00X000O0X,38.84202470600337,-59.879319897822526,-15.467268132459166,-47.86767147936273,-13.372528055547967,-62.880620308130105,
00X000OX0,41.94711446388993,-59.62717502621843,-9.916633617600674,-74.63117186062527,-66.62976517273388,-72.63091774701383,
00X000OXO,2.756416777847268,-4.628987802467666,-8.0287488467982,13.819170706692855,-26.922535745966346,
00X000OOX,165.26169186368912,-160.13705875476393,-169.1370589194467,-156.13705861827836,-141.13705717688083,
00X00XXOO,-21.1449071270713,-33.4221682833294,-59.53068497322226,40.18283447250161,
00X00XO00,-29.07077575511117,-85.17905368912898,-27.0465536913908,-65.1764995599475,-43.152763333307725,51.93538733900934,
00X00XO0O,0.39368941338118635,-10.041379456823371,-5.58045562497634,-2.066908231684769,10.453708365974887,
00X00XOXO,7.473617749396207,-8.526382250603763,-3.8018961767163018,1.3869758768055074,
00X00XOO0,-47.270268502978354,-49.27427952790615,-46.26794060177084,-33.20242153916132,55.43374157786633,
00X00OX00,-64.94772199580974,-104.95068883300335,-39.91386410127436,70.08122476465034,-59.94576095338567,-94.9505937340023,
00X00OX0O,1.683577631018275,-23.676462572173946,0.4059387579743068,14.186591573219989,-19.560582565870302,
00X00OXXO,-26.55732254651901,-60.78114231013279,-18.26615430867099,36.17218216728255,
00X00OXO0,-3.6182937143070273,-3.618293714306997,-9.280880952107616,17.972679251248206,-30.100849435136745,
00X00OXOX,-55.168924664642134,-34.07247458410942,-43.13779973663585,51.73981299738845,
00X00OO0X,173.7184623526792,-156.13705710874348,-160.13705724522936,-157.13705714813966,-173.13705744710805,
00X00OOX0,2.0459868444026976,4.749322011001318,-2.9174006414535714,6.181280693417795,-40.58641860212984,
00X00OOXX,4.059131353358149,-32.87327029000345,-0.15993796837869922,7.232911138910893,
00X0X0O00,-143.90562273766332,-188.9056238505124,-145.9056229416556,-183.9056238424032,-146.90562302933486,166.58176405793054,
00X0X0O0O,-171.13705719588057,-158.13705694930496,-157.13705691365786,-168.13705716356276,175.7630123661801,
00X0X0OXO,-29.878541233839428,33.18416415152126,-14.275868820862494,-37.97062040741651,
00X0X0OO0,-16.517818487613635,-33.90205637405291,-39.939998890125466,-23.75622544750842,38.09946385080523,
00X0X0OOX,28.234584147412747,-24.366414200137253,-28.462061508447327,-10.556334825925598,
00X0XXO0O,-177.01387835224978,-195.0138784093704,-148.01387717697708,169.36465533849,
00X0XXOO0,-63.032509999731154,-74.03657942440316,-53.02202100756905,70.99610778391735,
00X0XOO00,-130.13705827282743,-144.13706247222137,-167.13706370892183,154.94725349708602,-157.13706347213176,
00X0XOO0X,30.735898054134395,-33.19344841230102,-10.175641679234138,-49.28923027220964,
00X0XOOX0,-25.131529505968278,43.387514758617804,-36.310078391337385,-48.371592131225825,
00X0XOOXO,-163.06852880004826,167.80131934890224,-159.0685285964363,
00X0XOOOX,67.4875052048648,-61.08082974392077,-60.07965974800829,
00X0O0X00,-195.90562402109234,-166.90562391447253,165.67229825489392,-137.90562197677755,-144.90562300903974,-202.90562402421693,
00X0O0X0O,172.4612923793417,-157.1370572695727,-151.1370569616088,-169.13705753134303,-168.13705751947683,
00X0O0XXO,171.18283450156724,-190.01387819716302,-164.01387796471346,-152.01387738213378,
00X0O0XO0,-150.1370575475902,168.29507096461282,-166.13705814963683,-151.1370576193761,-157.13705792733933,
00X0O0XOX,-206.0138780908066,172.35734358970302,-179.01387803854374,-151.01387717321242,
00X0O0O0X,-157.13705724777475,-154.13705711671835,-158.13705728342146,172.78703854513284,-181.13705758839012,
00X0O0OX0,103.27566976676201,-104.13829001096897,-92.13811591641338,-83.13775227347864,-88.1379933855562,
00X0O0OXX,-162.01387774366864,-172.01387793753642,-157.0138775447099,172.94481682745928,
00X0OXX0O,170.1596453346446,-155.01387767806267,-181.01387824979616,-156.01387773683504,
00X0OXXO0,-171.0138922378028,-123.01387721106573,-188.01389233971466,144.88926160103696,
00X0OXXOO,-4.203301498560804,17.53193847397523,-38.94188144555483,
00X0OXO00,0.4215276261505241,-16.423158715962508,-32.802034916991154,-15.372144143704487,21.710265723430755,
00X0OXOX0,8.388144765219694,-26.08597535288346,-36.23994370987141,12.26045023542099,
00X0OXOXO,40.7762765738019,-28.105438628669965,-49.366032377126636,
00X0OOX00,-151.13705670834702,-173.13705731527708,175.97628763436654,-170.13705728881757,-177.13705734021102,
00X0OOX0X,-184.01387828982106,-173.01387822171435,169.84466668992653,-149.01387719845286,
00X0OOXX0,-181.01387847813032,-199.0138785164204,169.56530380297096,-148.0138772802976,
00X0OOXXO,10.849511132216954,-50.19868071839995,2.876457766502977,
00X0OOXOX,-24.612080639085722,8.976017159620088,3.215024885922939,
00X0OOOXX,-38.12354223349708,-45.17900564288645,47.89961131674534,
00XX0000O,-41.672592792906876,-45.68280414077372,7.968667343100815,-102.70346492151191,20.943729146750144,-9.993111699501094,
00XX000O0,-40.10984422207805,-19.87564036560216,29.91263537067677,-84.14556662612833,-6.115960605649697,-9.393283523460061,
00XX000OO,-9.028127188227153,-30.880221648696768,7.126540684376332,-46.970778295239455,16.14251691576974,
00XX00XOO,-0.8806920023179265,-22.18846975533115,19.580021325324342,-24.253955549112824,
00XX00O00,-54.35752928972328,-53.35661258796481,-63.3627002350965,-39.32713708058496,-15.96919021750552,46.6408431156011,
00XX00O0O,-12.002502402220758,-24.51519138263857,-1.8385292843451717,-18.33651486120748,22.254471898528003,
00XX00OXO,-11.709681537040668,-3.6028577644722426,19.088546932194436,-25.43463558553409,
00XX00OO0,-41.47463318214026,-35.4420974586693,-24.296281358955454,-40.47047689550973,46.4545307303605,
00XX00OOX,15.164139560104406,-6.463210885913629,-11.023051128691773,-6.463210885913618,
00XX0X0OO,-30.643201630534847,-36.71316956899935,7.5716396303708775,13.4305925496156,
00XX0XO0O,-42.875651270823994,-49.89867833849173,-5.096098261544306,26.585339804128367,
00XX0XOO0,-45.27501307305174,-44.27122352112653,-27.09142202553209,46.00003323537335,
00XX0O00O,7.698179354376304,-14.02164689123653,-16.13253922674104,12.791435483086806,-11.884512914010623,
00XX0O0XO,-1.214372343524206,-15.089936757762638,15.86343514894034,-12.92539267251943,
00XX0O0O0,1.2147813910611438,-1.2842636381316885,-11.510662789470942,13.460639629416411,-18.90101813707615,
00XX0O0OX,-1.5396182182182119,5.510765499152582,5.5107654991525425,-19.594077992789188,
00XX0OX0O,18.650477180010842,-29.65991191982266,1.4214046940691238,-26.599660729688914,
00XX0OXO0,-15.740671016343716,0.6293865193611148,16.930410932790068,-24.113948245425966,
00XX0OXOO,5.556592300740623,0.5199330582785378,-7.612080639085787,
00XX0OO00,5.46178300190253,10.09898186292381,-16.665116290925788,-6.95089157948021,-4.67078854573983,
00XX0OO0X,19.912305701592285,-10.32510009659705,-5.723548724432446,-25.181664253894187,
00XX0OOX0,-11.654085734353862,19.253122450433267,-7.129396401936738,-14.919893685686862,
00XX0OOXO,-14.46239577723011,19.487505204863727,-13.337808304830233,
00XX0OOOX,25.899611316744902,-24.023982840380143,-16.554401710137995,
00XXX00OO,-80.03456861415745,-67.03159364109537,-53.01908976237172,72.2568670206537,
00XXX0O0O,-171.01387797574426,-167.01387791441726,-154.01387741787698,172.23458420867985,
00XXX0OO0,-45.04574898851085,-66.07804388887848,-48.05529811876171,60.762767849757765,
00XXXO00O,-107.01663203405462,-82.015793033284,92.68553754830094,-75.01486635228028,
00XXXO0O0,-29.92789853053722,-43.048767097536725,32.69948213086692,-13.244274785261904,
00XXXO0OO,-47.14271813588742,-42.113592312393045,51.19070196379853,
00XXXOO00,-11.581453045127345,-21.18417727609718,16.463472190467204,-0.9232098218354197,
00XXXOO0O,-59.39681289864921,-27.08212263015313,40.53193847397505,
00XXXOOXO,-112.0,112.00000000049756,
00XXXOOO0,-14.268925867004533,-33.223723426198084,26.401695700338678,
00XXXOOOX,87.0000000000968,-87.0,
00XXO000O,54.46642796002561,-38.25363862514699,-74.3065348627211,-34.2267852481662,-43.27507004914725,
00XXO00XO,52.62635078837289,-39.10156107449045,-55.154725822616705,-38.094534109834264,
00XXO00O0,-13.390102859674714,37.63247027966567,-58.01723782834393,-34.94919930502364,-27.871980459879797,
00XXO00OX,-168.01387784898284,172.96043405755353,-155.01387739969493,-170.01387787949392,
00XXO0X0O,40.675847886257884,-27.299608626591958,-53.49886875358656,-25.25135808866216,
00XXO0XO0,19.18536792009649,1.6527882609031375,-48.63783191969613,-27.45167130673233,
00XXO0XOO,66.84951113221622,-53.06873218735312,-101.09328504577687,
00XXO0O00,-14.326355286244102,-7.823358110292961,-24.696600657568702,-13.26340231127231,25.28803421211854,
00XXO0O0X,-31.83089242161337,-6.3399559902823395,26.318817199957152,-31.830892421613537,
00XXO0OX0,165.7321541746746,-164.0138787711342,-163.01387874472522,-147.0138776477272,
00XXO0OXO,43.51993305827869,-33.1427181358875,-42.250027473578704,
00XXO0OOX,-85.23289666692952,47.87068943958131,-34.069538537377454,
00XXOX00O,-152.01387735806844,-173.0138780896586,-178.01387812982782,172.19019457592083,
00XXOX0O0,-160.01387885957402,-145.0138775553433,-174.01387914179605,164.53195922402017,
00XXOX0OO,-6.272702293584523,12.387919360915314,-9.941881445554365,
00XXOXXOO,-152.9999999543727,152.9999999542271,
00XXOXO00,-34.71097625219356,-42.767868938441666,-16.173600619310243,35.83845753635559,
00XXOXO0O,4.5692792168928555,-32.049916888216444,8.49083212621374,
00XXOXOXO,162.0,-161.99999999088243,
00XXOXOO0,-83.15048886778338,-41.06976221629799,54.78262925888007,
00XXOO00X,-166.01387880240028,-147.01387763347665,-162.01387870128943,165.81833573946292,
00XXOO0X0,169.0600060778754,-177.0138783907592,-151.01387753783237,-160.0138780845947,
00XXOO0XO,116.48750520452487,-110.06861985482176,-109.06861113221211,
00XXOO0OX,-29.113592312393024,41.40169570033885,-47.33809912448257,
00XXOOX00,162.99999997170355,-152.01387878158747,-152.01387878158718,-152.01387878158687,
00XXOOX0O,147.7272977084108,-150.0685343515469,-136.06852971049818,
00XXOOXXO,162.00000001685325,-161.9999999957133,
00XXOOXO0,118.8643183205379,-105.06852911555094,-155.06866493521662,
00XXOOXOX,-161.99999999088243,162.0,
00XXOOO0X,-7.217370741119709,20.34114354271972,-37.27270229358501,
00XXOOOX0,14.603187101350791,-1.2173707411197068,-38.77953485387827,
00XXOOOXX,0.0,0.0,
00XO0000X,-37.590924922540964,-81.63685679043505,12.768914908084854,18.657504346223984,-26.49707218234456,-94.63727116336185,
00XO000X0,4.928275945248208,-67.90160315381401,20.42639540568569,-9.131945292478553,-10.208021324093066,-36.8538026702596,
00XO000XO,-5.226620223910185,-16.122306556363913,26.577875495843006,-42.57354330838551,-18.21228241420815,
00XO000OX,-20.854884076069084,-34.078332229009604,-14.596203662785195,36.13816596445585,-41.119919399001034,
00XO00X0O,-11.537281038582712,-10.453992497088283,28.09179707978386,-18.926618650619055,-41.256070328123016,
00XO00XXO,-39.139212728008815,-54.19077267996695,50.43655369026087,-34.095953227412245,
00XO00XO0,-16.503769340074793,12.12988989612543,4.27163030039878,-3.323222086492401,-12.264890540376154,
00XO00XOX,-47.50408496185294,-37.4544286141301,19.619182666506745,1.8353081991843387,
00XO00O0X,151.81270691533214,-189.1370665753752,-186.1370665700339,-124.13705643433678,-189.13706657537662,
00XO00OX0,42.83881765028853,-43.64218284125012,-27.515633598542586,-28.53080717334833,-25.48024180693706,
00XO00OXX,25.55449194004143,-63.10209544484489,-38.03411192603953,-4.111814585503115,
00XO0X00O,19.796340113581046,-12.867992446064946,-34.45619068426765,3.500957567811558,-24.31827539701826,
00XO0X0XO,17.080106314313124,-21.992605095676794,0.7012389929060947,-17.80914565888957,
00XO0X0O0,0.5816002243663831,-16.290231080917298,-14.181083214970613,-1.8875325791450757,14.47147037905313,
00XO0XX0O,-9.596988631051275,-21.414373167255366,27.314208677886754,-32.67227932016474,
00XO0XXO0,-2.9912310778456352,14.847506842590239,-5.429503000370692,-19.74762449955454,
00XO0XXOO,13.387919360914179,-7.0826609742280535,-10.701352867780866,
00XO0XO00,-3.388037956434913,-32.93515957312875,-50.0107266294852,-31.925394131149652,29.560343130977607,
00XO0XOX0,44.25932898365623,-35.2689687008519,-57.35572073154158,-26.124914469485567,
00XO0XOXO,27.537604222769897,-15.232896666929626,-35.1193613920875,
00XO0O00X,-10.84776582040518,-17.22190717067381,26.351467937685513,-8.658921116701748,-35.587973510743254,
00XO0O0X0,-22.57702479022243,-41.79695609817195,40.13187125156067,-22.57702479022246,-29.707796979212702,
00XO0O0XX,-35.733149163105544,-70.82345766678247,35.680911243974954,-15.11689836617659,
00XO0OX00,-9.259573906197868,-12.513023199768096,24.109625024356696,-12.513023199768057,-17.79059533662832,
00XO0OX0X,-66.02990904126071,-81.03342066710525,72.84970315766117,-54.01941424589094,
00XO0OXX0,-52.04674832015111,-64.05953024011217,63.71489231389947,-48.03774250427833,
00XO0OXXO,-31.217370741119854,-35.28977035894945,39.80131928159999,
00XO0OXOX,-57.08355129599642,-58.08512997853942,64.48750520486323,
00XO0OOXX,1.7966985014391845,-40.809298036201525,11.710229641050729,
00XOX000O,157.28856437030595,-155.13706183639056,-183.137062266101,-131.13705725045014,-157.13706191932746,
00XOX00XO,-9.468040758956093,-6.0050255840771545,-21.295606383095137,19.11777396435786,
00XOX00O0,-14.904995437458288,-36.387361149160526,-23.210394695512917,33.47920366075108,-18.04989878308741,
00XOX00OX,-4.324573501854465,-4.324573501854441,-5.528324252638885,10.322348661831702,
00XOX0O00,26.2546649021426,-7.57189868134901,-23.443621026473956,-22.418372251964485,-11.951150603211012,
00XOX0O0X,67.4767938065888,-60.0407977936529,-50.02664827577854,-66.04450987350228,
00XOX0OX0,46.63358579986256,-26.04961955220628,-64.28760710149295,-47.26350151750073,
00XOX0OXO,-96.06853232374043,109.80944595960906,-140.0688645197882,
00XOX0OOX,-6.098758003708844,-53.47861273273038,19.820994357113474,
00XOXX00O,-31.13607448760705,-50.26126579013551,46.99836962385538,-35.184792596585154,
00XOXX0O0,-19.109855287523022,-37.51321360043672,23.228148125190046,-4.69851548049808,
00XOXX0OO,-38.09328504577795,-53.17900564288655,49.91733902577175,
00XOXXO00,140.83163832591313,-171.01389994252582,-165.0138998400138,-119.01387746395017,
00XOXXO0O,0.4908321262136388,-28.44340769925943,12.142574462673839,
00XOXXOXO,126.0,-126.0000000000064,
00XOXXOO0,-38.07127435299614,-75.17900564288622,51.687243346261695,
00XOXO00X,18.838381081906796,-29.599660729689,1.5034887945670827,-29.599660729689052,
00XOXO0X0,-6.637672571630011,0.8834151836730229,8.578073600286194,-6.637672571630009,
00XOXO0XO,-1.2011450695827797,-7.80929803620157,7.190701963798372,
00XOXO0OX,-14.198680718399999,8.298647132219116,1.0924643967161143,
00XOXOO0X,38.220465146121754,-36.366032377126665,-28.20330149856079,
00XOXOOX0,63.90671495422179,-50.06861113224857,-110.10193199610455,
00XOXOOXX,161.99999999088246,-162.00000000284825,
00XOO000X,-31.35922920026372,-39.41888082272652,47.80270297031515,-46.44328115283383,-28.321144939757694,
00XOO00X0,-152.13705784710265,-162.13705823750428,167.75458327481974,-159.13705815801416,-148.13705754334975,
00XOO00XX,-70.05976471855953,-83.06196251828867,64.16552092912926,-43.0177389995511,
00XOO0X0X,-168.0138778939965,-164.01387781121383,172.38697582469322,-156.01387750348098,
00XOO0XX0,-165.01387780547196,-175.01387794909226,172.2338131856547,-154.0138773501173,
00XOO0XXO,6.899611316745008,-9.1986807184,0.05811855444528535,
00XOO0XOX,-115.07599126692135,-65.0685784988326,78.864318320711,
00XOO0OXX,-49.06883251460041,-97.10543862867033,62.84951113221731,
00XOOX0X0,-53.02751490111257,-59.03499863623108,-66.0395784494597,68.99037912006989,
00XOOX0XO,107.72729770638477,-96.06861113224966,-110.06886451969794,
00XOOXX0O,122.1425744633518,-109.06853571837857,-134.0686198548555,
00XOOXXXO,162.0,-161.99999999088243,
00XOOXXO0,-96.46239577723001,-12.068899890679265,25.92898694608016,
00XOOXOX0,-48.06964479014394,-84.1093126271066,61.66190087551729,
00O000X0X,14.0184638727299,-8.074388945577782,-47.91223083787776,-24.762096793374162,-40.89538370289875,14.01846387272994,
00O000XX0,-76.90787721725373,-93.90862424607579,-107.90875003862018,-118.90877750628195,-68.90675696591428,96.65782223381927,
00O000XXO,2.8469542915335935,-2.192731541525641,-26.853349444408884,-6.833662796430627,12.038301406626651,
00O000XOX,156.42262577956402,-144.13706144656047,-151.13706213850722,-133.13705869181976,-161.1370625699672,
00O000OXX,-128.13706281589828,-142.13706794504736,-133.13706549462805,149.21626094378263,-152.1370690062662,
00O00XX0O,17.116052239382274,-12.908708273945797,-2.851112439602611,-0.42600452033445757,-42.5382169980974,
00O00XXXO,18.97675239870463,-7.2281273611993395,-29.555782463811717,-6.056501668926972,
00O00XXO0,13.339644075402113,-13.718818703198703,9.752293733421789,-15.83310112587032,-37.273640314414415,
00O00XXOX,3.4365536902612015,-0.7130005983413779,-17.87327029000345,6.535440430868184,
00O00XO0X,-16.698552531407923,-37.09747413402277,-16.698552531407948,36.161589130782865,-54.14737675535601,
00O00XOX0,-26.33336645936477,-30.392401032201583,-35.43938018289075,46.52770275382704,-78.51039536445377,
00O00XOXX,10.47902660459217,-33.08089534397275,-16.586801984758196,8.613055711764098,
00O00OX0X,-163.13705720358644,-153.13705685033722,-168.13705728447832,-166.13705725686884,174.63815711116766,
00O00OXX0,-64.15687297524458,-74.15945753280607,-55.15090252837028,-57.15272663937944,74.21352069557791,
00O0X0X0O,-22.161375624507514,-5.021295378824479,-20.10084425777416,27.420595131350893,-28.283607548764707,
00O0X0XXO,-180.01388057537451,159.67532071788943,-179.01388057004314,-138.0138772453287,
00O0X0XO0,24.59570773284566,-17.65913345186999,-12.377836062262267,-8.014717106764023,-16.61406345089677,
00O0X0XOX,45.2652278013495,-27.114211203741178,-46.300808174669044,-39.26779335472485,
00O0X0O0X,-135.13705682399677,161.76535552089032,-163.13705999915567,-175.13706014281846,-168.13706008004684,
00O0X0OX0,-15.059676336959475,26.621444690260653,-12.936147247244197,-8.593088308772778,-37.54097137163201,
00O0X0OXX,21.88873904551943,-3.871355736431439,-16.277608794249,-40.85575156604959,
00O0XXX0O,-28.18008506224607,3.494038359286904,17.01873796112322,-32.245504138938244,
00O0XXXO0,8.510765499152624,-3.065427653815559,3.667994068581942,-20.85356460572708,
00O0XXXOO,-25.190554040477437,-37.46806152602481,36.29864713221908,
00O0XXO00,-131.13706351467096,-134.1370648218471,150.05802310163494,-137.137065790227,-152.13706794053704,
00O0XXO0X,29.106663958652117,-36.43986047283946,-8.150437413167978,-46.49480468916772,
00O0XXOX0,16.094823424405487,-1.1010279222126194,-8.36485306847993,-28.523206193411834,
00O0XXOXO,5.190701963798382,0.2204651461216589,-6.612080639085791,
00O0XXOOX,-12.223723426198063,-15.59830429966118,19.387919360914104,
00O0XOX0X,20.74115073410205,-17.65849141713744,-26.99123107784601,-3.0075416390608867,
00O0XOXX0,-62.053194087808734,-47.029738734520876,-59.05083965281453,64.77061011491942,
00O0XOXOX,26.298647132219088,-28.119361392087427,-15.396812898649168,
00O0XOOXX,1.9500831117835173,-2.5124947951362273,0.38791936091419954,
00O0O0X0X,-133.13706922412027,-139.13707108718629,-124.13706319706039,-156.1370729393695,146.73194111500766,
00O0O0XX0,-21.43000175790049,-52.706197221485695,-32.62375215158719,-26.54472835615298,42.00952086851956,
00O0OXX0X,-163.01387815647846,-151.0138775126269,-171.01387830929394,169.36382156314824,
00O0OXXX0,0.5977524299967452,-36.3442775300386,-28.235848135222188,19.963744802321834,
00O0OXXXO,28.142574462673906,-41.119361392087455,-15.159069836099391,
00O0OXXOX,-23.604155956580183,29.487505204863606,-22.554401710137974,
00OX0000X,7.659869917560678,9.122895800686655,1.095990949425988,-95.91829932004018,1.0959909494258602,-46.90007951972881,
00OX000X0,4.184060991409465,-29.36404116549264,24.57661355916794,-21.233143161465318,-33.398963228247766,-20.207947313687296,
00OX000XO,-19.348141954224428,-27.54505306740967,-1.807827026380978,26.155574680776056,-43.6712328916201,
00OX000OX,1.1747842973268896,-2.5286136387749725,15.457696076039028,-30.181419809502223,-12.619048729792002,
00OX00X0O,144.03379826520586,-150.13707785467798,-148.13707768766403,-117.13705815674035,-171.13707851664716,
00OX00XXO,7.809748425841658,-38.58906894413699,-46.62770828383507,13.74876955125411,
00OX00XO0,40.342467539042104,-32.726763680852045,-22.562595453418204,-22.56259545341816,-37.76398032571821,
00OX00XOX,20.138558357257704,-0.6675215032816895,-19.937655145856553,-42.33336264596732,
00OX00O0X,-56.14909183208648,-61.152674850372065,75.44450841199169,-62.15320034452777,-74.15669127742697,
00OX00OX0,-46.34739812894132,-26.19111067967973,51.27069241719155,-56.36272893718102,-48.351796852738445,
00OX00OXX,-40.2160791539101,-28.076489213421134,47.283641918883184,-75.27385479651758,
00OX0X00O,-31.339759023021756,-50.431911759712875,48.41332586809927,-27.28607474469568,-47.42626596201205,
00OX0X0XO,0.18710359074373795,-30.58145304512746,18.94766588180175,-20.30871451647128,
00OX0X0O0,-22.467512511073615,-28.58608092338787,41.844650442874894,-27.5709910503928,-48.70928693374236,
00OX0X0OX,-34.152303554902005,-33.140774092761504,47.8557782690867,-53.24504777489652,
00OX0XX0O,26.420906402205212,-15.24977592671534,-10.886476435109003,-37.87486647235288,
00OX0XXO0,7.464001228291211,-5.023247601295326,5.816318583752031,-19.392441750031093,
00OX0XXOO,10.190701963798347,-3.478612732730449,-9.779534853878275,
00OX0XO00,-24.726241015283613,-11.14679689033789,30.11019085157325,-19.58847590614714,-19.588475906147117,
00OX0XO0X,-15.395403873952949,-23.781544212120103,32.7753466441267,-42.03625519767816,
00OX0XOX0,-35.30318309579643,-25.133965817210132,43.32475139356349,-51.38081733349342,
00OX0XOXO,-27.366032377126764,-28.39681289864924,34.48750520486384,
00OX0XOOX,-58.10193199610433,-50.08355129599819,60.2204651461217,
00OX0O00X,59.65052097362482,-47.21698387372856,-68.23649029044104,-35.16522727584376,-67.23620428864214,
00OX0O0X0,-26.168215073999896,-17.9419061627192,-21.049060188890294,-22.078008844048327,34.35309382206487,
00OX0O0XX,-20.17449387694274,-17.01818116922291,6.222348993299741,11.672055496514782,
00OX0OX0X,12.943679441089229,2.5692063991242664,-18.50373001008837,-10.957970762809232,
00OX0OXX0,-49.02829763178238,-55.039459125851735,-83.05219480931335,66.39805544955206,
00OX0OXOX,37.22046514612172,-35.39681289864919,-27.21737074111976,
00OX0OOXX,-27.19055404047747,-37.3968128986492,37.798854930417065,
00OXX000O,-149.13706081394633,-139.13705938144818,158.4332267149402,-148.13706072626746,-145.13706040392202,
00OXX00XO,-163.01387815150542,-152.01387759533273,169.56493064519682,-167.01387824299485,
00OXX00O0,-126.13708065771692,-149.13708813930128,140.20508999912747,-149.1370881393015,-116.13706636973458,
00OXX00OX,9.103419597504187,-10.865176602540917,5.704393616905026,-14.152493157410271,
00OXX0X0O,-152.0138773283527,-173.01387805994355,171.88951555472198,-174.01387806965926,
00OXX0XO0,6.81833574610604,-15.565550468796,8.536789114086437,-11.213744845378063,
00OXX0XOO,5.820994357113544,-44.512494795136206,7.809445959522497,
00OXX0O0X,12.063952404416444,-0.7191174967755543,-10.29616573254165,-8.029054399984002,
00OXX0OX0,-7.835860439895446,3.6774084784368943,3.6774084784368957,-1.7959006716907178,
00OXX0OXO,-49.198680718400006,10.840930163900566,2.8706894395816835,
00OXX0OOX,-1.5983042996612618,-15.100388683255105,11.058118554445144,
00OXXO00X,160.8302041365231,-146.01387870117642,-153.01387946589668,-152.0138793865611,
00OXXO0X0,-149.01404437811615,120.90404677087538,-164.0140452523539,-99.01387848785909,
00OXXO0OX,71.19070196379936,-62.074638854623466,-67.07860097394322,
00OXXOXO0,23.864318320708236,-61.74638848826312,-10.080829743917665,
00OXXOXOX,103.00000000031676,-103.0,
00OXXOO0X,5.999999999999982,-3.4434076992593816,-3.443407699259388,
00OXXOOX0,-54.119361392087406,28.710229641050645,-15.093285045777844,
00OXXOOXX,-12.000000000000048,11.999999999999815,
00OXO000X,-148.13705764094004,-155.1370581047662,-173.13705848666987,167.4494766509214,-151.13705787973987,
00OXO00X0,-14.7602676018319,-32.21667382396828,-29.181724470337926,17.742049012757967,6.643764188316856,
00OXO00XX,-44.08124417348505,-43.0769740245554,-50.09954265783266,56.22550926189748,
00OXO0X0X,8.382188991944272,-5.586801984751887,-34.22363681441935,6.67437654136927,
00OXO0XX0,18.890108241466514,-30.599660729689113,-29.583209240341013,1.525932955760343,
00OXO0XXO,40.87068943958166,-78.39681289864929,-27.07056267112186,
00OXO0XOX,67.79669850143877,-54.06883251459736,-97.09093175686026,
00OXOX00X,-173.01387822377336,-151.01387740450437,170.2652645577694,-167.01387813984323,
00OXOX0X0,17.689163750365132,-41.09065869364629,3.8375550520493307,-43.10057712174124,
00OXOX0XO,8.881680033556192,-54.04991688821637,4.890687372893744,
00OXOX0OX,-26.19868071839984,10.063110284060466,2.3411435427200993,
00OXOXX0O,50.387919360914125,-45.142718135887385,-42.12354223349712,
00OXOXXXO,162.00000001710072,-162.0000000067736,
00OXOXXO0,32.76710333307036,-19.08082974391769,-60.78497511407727,
00OXOXXOX,-161.99999999088243,162.0,
00OXOO0XX,-43.13568167929158,-43.135681679291594,49.999999999999964,
00OXOOX0X,48.72729770641509,-37.09875800370889,-51.19055404047785,
00OXOOXX0,14.876457766502899,-56.779534853878275,-1.0932850457778485,
00OO000XX,-39.270781051001975,13.3663387003694,-13.70426261648576,-36.25353463265395,11.499497092889674,
00OO00X0X,-152.13705688358544,-167.13705736338423,-159.13705719449717,-172.1370574176072,173.68382315512275,
00OO00XX0,-116.13768923700668,-89.13737552428131,-95.13752726689945,-100.13759989070749,110.1903528830075,
00OO0X00X,22.2527414087918,-19.375008024782318,-20.409223071411297,-1.83916003750775,-13.074442593883498,
00OO0X0X0,-0.3100501356892349,3.5760159898934907,-11.735505495823746,11.214381958060564,-19.11734550922167,
00OO0X0XX,0.6335857998626993,-31.26018700261166,-13.583209240340992,16.939127639448476,
00OO0XX0X,16.580021325324136,-20.097500744562513,-22.178154937118634,1.832956406724251,
00OO0XXX0,-14.807746198975183,19.59994220308908,-22.182333405159067,-3.4118957646722117,
00OO0XXXO,-26.512494795136213,7.215024885922761,5.281036187833553,
00OO0XXOX,15.253611511736782,-23.20114506958277,-3.7189638121664457,
00OO0XOXX,-8.090931756863023,-56.08266097422802,21.83145528504297,
00OOX000X,29.90417288567841,-18.586857901009697,-29.84351170496329,-19.62387353660486,-10.097491708000197,
00OOX00X0,-8.949123872065343,21.62686759819082,-25.7329365083274,-3.26340231127237,-15.399754110727681,
00OOX00XX,15.888739045518268,1.4749147003680751,-36.707020926882535,-11.818067852087026,
00OOX0X0X,8.92026764760163,4.007394904323759,-21.65639875495844,-4.018181169222494,
00OOX0XX0,-7.182333405158921,16.16259800514325,-16.03956598225706,-4.81583584894556,
00OOX0XXO,-101.13568167929219,56.90124199629101,-43.06873218735443,
00OOX0XOX,59.95008311178332,-54.09588518818577,-52.09093175686291,
00OOX0OXX,15.925361145376957,-2.071013053919736,-79.48006694172128,
00OOXX00X,54.87382313260597,-38.06344812703497,-43.09256084586674,-66.1327988233857,
00OOXX0X0,-7.858518164272104,24.712693684773754,-27.052334118198296,-18.775424679977867,
00OOXX0XO,-15.554401710137903,25.220465146121608,-24.119361392087463,
00OOXX0OX,68.09246439671435,-72.08687440270697,-56.07223494272168,
00OOXXX0O,-20.198680718400045,9.401695700338736,1.8806386079124737,
00OOXXXXO,-98.0,98.00000000019315,
00OOXXXO0,-0.8574255373260564,-22.1003886832551,12.401695700338715,
00OOXXXOX,94.00000000015805,-94.0,
00OOXXO0X,50.29864713221883,-51.16854471495695,-39.09875800370868,
00OOXXOX0,17.56927921689282,-4.1905540404774575,-39.94188144555477,
00OOXXOXX,161.99999999088246,-161.99999998698217,
00OOXO0XX,3.058118554445155,-10.512494795136224,4.798854930417235,
00OOXOX0X,6.950083111783539,-2.7795348538782987,-5.443407699259391,
00OOXOXX0,-52.77953485387825,14.849511132216769,-1.1054386286700157,
00OOOX0XX,-45.129310560418304,-44.12354223349708,51.48750520486332,
00OOOXX0X,-24.312756653738337,-30.509167873786268,33.556592300740604,
00OOOXXX0,-0.3378083048302891,-17.44340769925937,10.727297706414962,
0X000XXOO,22.328803614202194,-16.161542463644473,-17.224361789665515,-8.466636210601685,
0X000XO0O,-21.97689107813206,-16.79513256885227,-24.027094033866977,15.571368745463236,8.270416295192923,
0X000XOXO,-22.43719882869419,-21.399946973257773,-49.7616616066089,36.227905909245024,
0X000XOO0,-42.43051323124287,-23.224223865071366,-48.44670195238763,-44.437020354827695,47.83149915117399,
0X000XOOX,-14.241809300576215,7.204949245300566,-0.18195585286428617,1.1683576868874335,
0X000OX0O,6.517894679759921,9.640810666629797,-24.180495367487662,2.3459271552034466,-26.22078963780549,
0X000OXXO,-47.589068944136976,13.845274177383313,-46.586062364639375,7.881589572838212,
0X000OXO0,55.43663570964479,-28.143585210731786,-69.28988415415398,-67.28934226136914,-78.29133645564943,
0X000OXOX,-7.7564223635609855,-20.77517416877429,-11.146479787854167,20.84676480504462,
0X000OO0X,2.2920451638726935,-23.199018199136603,5.013548498102921,11.282495554572991,-33.35314150703789,
0X000OOX0,-34.81996382878091,3.015013528735999,-17.470022049010897,21.707431798125864,-30.78208812353867,
0X000OOXX,-32.230547453441645,-53.34639173187699,-28.16503013681644,44.37623133000009,
0X00XXO0O,-153.01388190537116,-165.01388243251228,-135.01387809619158,155.03797468308727,
0X00XXOO0,-99.028906365782,-132.02906697980964,-54.01405028894241,75.87159392659883,
0X00XOX0O,-78.02972617961952,74.62560548112997,-83.03026196401096,-54.01606800322023,
0X00XOXO0,-13.537346477142396,24.273057391929655,-33.243932234754794,-9.104702700743472,
0X00XOXOO,-80.07077661485077,85.3879193608964,-77.07019391376862,
0X00XOO0X,15.257389209677704,-33.92458667565089,-2.786480538210847,-4.023709714087264,
0X00XOOOX,28.38791936091418,-20.55440171013793,-23.718963812166407,
0X00OXX0O,55.94957075411932,-38.05083965281486,-47.09477026267788,-62.11807375413461,
0X00OXXO0,169.10216450337828,-161.01387817539648,-167.01387832832597,-152.01387768066573,
0X00OXXOO,48.487505204864156,-41.14271813588755,-42.15048886778341,
0X00OXO0X,-49.0349986362297,64.81804414713571,-53.043150019923516,-66.05519473285241,
0X00OXOX0,4.267469913666842,15.713039579670212,-23.54712495324818,-30.705151471209014,
0X00OXOXO,9.809445959522517,3.8409301639006443,-45.61208063908572,
0X00OXOOX,-37.28977035894928,40.55659230074067,-31.190554040477522,
0X00OOX0X,-165.01387786094574,-166.01387788256704,172.2512227845179,-156.0138775293174,
0X00OOXX0,-183.013877964468,-192.0138779867558,-151.01387708066605,172.42860797976564,
0X00OOXXO,-6.480066941722006,-5.201145069583342,9.487505204862627,
0X00OOXOX,-44.09875800370884,-51.12931056041826,53.89961131674468,
0X00OOOXX,-27.701352867780766,17.66219169517012,-5.468061526024685,
0X0X0X0OO,-21.429283937664835,-50.79214031016662,-8.478207707304971,27.22673736733176,
0X0X0XO0O,-38.17092508776651,-49.2197101106584,0.8530344433439452,20.62840786875413,
0X0X0XOO0,-56.93642637754215,-27.741775559600264,-15.247151815723246,34.22673736733175,
0X0X0O0O0,15.970131518863177,-28.932799458123803,-48.04988380450581,10.19398999983056,-23.842554947826613,
0X0X0O0OX,25.62325592598914,-15.405325166768485,-15.405325166768515,-17.533960957230224,
0X0X0OX0O,-7.218712230762627,27.806551587698927,-29.547538395399727,-67.71586752840724,
0X0X0OXO0,7.402306682028652,11.083152363168498,-17.324152113742095,-23.586661884206144,
0X0X0OXOO,-13.082122630153217,26.831455285042995,-60.337808304830304,
0X0X0OO0X,-20.721278308431703,-16.512686603401935,32.3270888112166,-41.07776941301624,
0X0X0OOX0,-32.61781100806512,1.5398376131272107,18.92223058698369,-28.554790296228933,
0X0X0OOXO,-37.77953485387829,14.569279216892848,-1.2328966669296042,
0X0X0OOOX,19.058118554445134,-8.784975114077215,-21.082660974227988,
0X0XXO0O0,-30.963106677528465,-19.65638450848325,-19.65638450848325,32.515125548932275,
0X0XXO0OO,-46.999999999999886,6.84093016390066,6.840930163900582,
0X0XXOXOO,-162.00000001194576,162.0000000149821,
0X0XXOO0O,-76.23289666692924,-34.07101305391936,47.78262925887979,
0X0XXOOO0,-16.179005642886423,-39.02398284038008,28.88063860791253,
0X0XXOOOX,98.00000000019315,-98.0,
0X0XOX0O0,-158.01388306392118,-160.0138831468577,-133.0138779475534,153.59467482445774,
0X0XOX0OO,12.687243346261656,-40.443407699259325,0.7966985014392411,
0X0XOXXOO,162.0,-161.99999999088243,
0X0XOXO0O,-2.0499168882167513,2.487505204863435,-0.6120806390861555,
0X0XOXOXO,154.9999999807923,-154.99999995085682,
0X0XOXOO0,-58.65885645728026,-21.08355129599811,34.687243346261575,
0X0XOXOOX,-162.00000000571754,161.99999999088246,
0X0XOO0OX,82.7988549304039,-72.06989199065778,-82.07223494271476,
0X0XOOX0O,129.68724334561136,-116.06852931958394,-153.0685737115733,
0X0XOOXXO,154.00000001736254,-153.99999998736382,
0X0XOOXO0,68.99999999999794,-62.078600973941356,-62.078600973941334,
0X0XOOXOX,93.00000000014194,-93.0,
0X0XOOO0X,-31.09328504577796,43.88063860791238,-53.28977035894941,
0X0XOOOX0,-24.168544714957072,35.917339025771994,-39.50916787378627,
0X0XOOOXX,-161.99999999088243,162.0,
0X0O0X00O,8.174472056089785,-13.695750201842724,-2.5393603705835663,5.197484086798024,-6.029780841001305,
0X0O0X0XO,11.243577636438982,-17.23994370987147,7.537742421833568,-26.58666188420622,
0X0O0X0OX,14.253122450433406,-3.295606383095302,-11.43506936474979,-8.056320558911194,
0X0O0XX0O,-7.04080325866393,-2.19524695655803,11.758190699423814,-8.196465121250853,
0X0O0XXOO,-16.85742553732602,23.950083111783552,-19.023982840380143,
0X0O0XO0X,45.198931712417874,-26.093033344659716,-38.26298815079407,-65.33051199634289,
0X0O0XOXO,9.809445959522487,-45.61208063908582,3.8409301639005946,
0X0O0XOOX,4.8572818641126085,8.840930163900559,-48.0499168882164,
0X0O0O00X,-26.335140186572467,-45.486692858962854,46.480383757630165,-29.38157195515391,-42.47743369245421,
0X0O0O0X0,-17.659390027978713,-23.850465341447048,29.270507395487048,-16.61432118598895,-12.378099958163979,
0X0O0O0XX,-38.27501307305177,-44.30769172535945,44.8283083897357,-27.128550637074085,
0X0O0OX0X,-70.03053183181459,-64.02804022176021,73.28131681885148,-57.022439681476826,
0X0O0OXX0,-44.267317726624135,-30.144836327326267,46.13379660300342,-36.21836646236328,
0X0O0OXXO,-73.20330149856083,-36.07188225812954,49.687243346261816,
0X0O0OXOX,-48.10543862867004,-49.10931262710622,55.48750520486409,
0X0O0OOXX,-45.06927668468669,-88.12354223349698,58.796698501439415,
0X0OXX00O,-50.761287501990424,-33.66773296802024,-1.189673024928699,22.413983278718945,
0X0OXX0OO,-35.746388488263236,-10.232896666929658,23.063110284059952,
0X0OXXXOO,-80.0,80.00000000004292,
0X0OXXO0O,-25.069141010573368,-90.46806152602463,38.91644870400182,
0X0OXXOOX,161.99999998454427,-162.00000001003554,
0X0OXO00X,15.741150734103144,-23.53599877170838,1.396928574709333,-14.062633340510143,
0X0OXO0OX,8.190701963798368,-1.9418814455548639,-8.443407699259339,
0X0OXOX0O,-45.61208063908566,9.809445959522513,3.840930163900574,
0X0OXOXO0,-0.27270229358506515,8.519933058278573,-11.809298036201557,
0X0OXOXOX,-11.999999999855923,12.00000000047817,
0X0OXOO0X,-2.1356816792917233,-46.48006694172142,15.767103333070395,
0X0OOX00X,-26.981633915353527,5.274398816130482,14.838381081906624,-26.98163391535349,
0X0OOX0XO,26.662191695169703,-14.232896666929612,-35.22372342619804,
0X0OOX0OX,-31.26892586700444,38.48750520486371,-32.289770358949276,
0X0OOXX0O,101.06311028402864,-88.06859609822953,-112.06927668469847,
0X0OOXXXO,162.0,-161.99999999088243,
0X0OOXXOX,-106.0,106.00000000034825,
0X0OOXO0X,-54.068982183392976,67.73107413299749,-93.09093175686321,
0X0OOXOXX,-152.99999999734462,152.99999999618305,
0XX000XOO,27.150239415489146,-32.69960626465824,-7.341561297734103,-30.67151665323682,
0XX000O0O,50.509976108524825,-77.38886039455599,-59.383360365406865,-78.38896401572137,-23.145934886103916,
0XX000OXO,17.81766659484105,-15.412560379719496,-0.2990581814619131,-25.853828366069514,
0XX000OO0,46.90302759540788,-43.46549965466717,-63.493457123591924,-45.47136716760915,-21.20222594776921,
0XX000OOX,24.362168080304464,-16.73827342731486,-43.300815132829186,-6.781544212119968,
0XX00XO0O,4.839139797442618,-49.46022654781296,-38.41260365179234,16.719899699443005,
0XX00XOO0,-27.098065418189847,-38.244971760732646,-58.307691725359405,45.78036965288598,
0XX00OX0O,-10.472545621585027,-23.25822586808456,28.741553687726707,-36.49238240238166,
0XX00OXO0,3.382397351008619,-3.3061138368475484,8.168357686888042,-16.85356460572667,
0XX00OXOO,10.387919360914179,-4.701352867780874,-8.48006694172139,
0XX00OO0X,31.775346644126756,-14.434696292233367,-22.85895891025998,-41.137946916646236,
0XX00OOX0,0.3980554495529951,0.398055449552972,9.755131488788978,-30.421926399715726,
0XX00OOXO,1.0000000000000135,-0.5124947951362402,-0.5124947951362768,
0XX00OOOX,29.487505204863783,-23.6041559565802,-22.554401710137974,
0XX0X0O0O,-156.013877471282,-162.01387772342028,-172.01387791728874,172.38591921809666,
0XX0X0OO0,-121.0138782434094,-150.01389573114366,-172.0138966365759,142.39287366075493,
0XX0XOO0O,5.922357141061681,-69.5124947951362,7.921399026057157,
0XX0XOOO0,26.820994357113477,-59.33780830483023,-13.083551295998028,
0XX0XOOOX,88.00000000010753,-88.0,
0XX0O0X0O,63.98720365166778,-52.04537495235294,-50.041321287136654,-59.054585865606555,
0XX0O0XO0,99.80253811638532,-100.01511507290898,-83.01443901633483,-90.01485542936857,
0XX0O0XOO,166.95008313126257,-159.06852871935305,-161.0685288313062,
0XX0O0O0X,-10.224653355872999,0.6991848671710055,14.463472190467758,-19.912016199094243,
0XX0O0OX0,48.702333186397084,-31.093748774794882,-42.19250351761844,-47.211777608307194,
0XX0O0OXO,50.91733902577119,-54.16854471495691,-39.09093175686296,
0XX0O0OOX,11.801319281599953,-10.201145069582797,-5.272702293585044,
0XX0OXXOO,162.00000000000006,-161.99999999088243,
0XX0OXO0O,57.82099435711334,-89.12931056041872,-44.06920545883111,
0XX0OXOXO,162.000000038907,-161.99999999950938,
0XX0OXOO0,-4.118319966443775,-48.94188144555477,17.78262925888025,
0XX0OOX0O,66.82099435711393,-53.06880355510225,-98.0932850457773,
0XX0OOXXO,155.99999995685724,-155.9999999793619,
0XX0OOXO0,132.809445959246,-119.0685286069667,-163.06856191306815,
0XX0OOXOX,-110.00000000008495,110.0,
0XX0OOO0X,47.796698501439316,-34.07077661485366,-77.23289666692962,
0XX0OOOX0,36.864318320708236,-23.07188225812954,-73.55440171013804,
0XX0OOOXX,-161.99999999088243,162.0,
0XXX00O0O,-7.68530694592158,-17.56288186513252,-52.104359090199196,25.478580846420304,
0XXX00OO0,-40.04531942848854,-67.10185092035213,-48.07873117095347,57.821845062881046,
0XXX0OXOO,-10.999999999999845,11.000000000000467,
0XXX0OO0O,1.796698501439198,-40.809298036201525,11.71022964105066,
0XXX0OOXO,-28.999999999997815,29.000000000038,
0XXX0OOO0,12.661900875517382,-39.443407699259396,0.7826292588802508,
0XXX0OOOX,83.00000000005751,-83.0,
0XXXXOO0O,-161.9999999844791,161.99999999797566,
0XXXXOOO0,-117.99999999995443,118.0,
0XXXO0XOO,162.0000000149821,-162.00000001720974,
0XXXO0O0O,74.14257446267392,-86.07965974800493,-61.06944239492574,
0XXXO0OXO,161.99999997348817,-161.99999998106247,
0XXXO0OO0,-2.0932850457778054,-56.480066941721304,15.870689439581632,
0XXXO0OOX,-7.000000000101994,6.9999999997946905,
0XXXOXO0O,-4.000000000000005,3.9999999999999867,
0XXXOXOO0,-162.00000001131247,162.0000000139927,
0XXXOOX0O,161.99999999088246,-162.00000000515826,
0XXXOOXO0,84.00000000005736,-84.0,
0XXXOOXOO,0.0,
0XXXOOO0X,124.00000000152406,-124.0,
0XXXOOOX0,101.00000000027366,-101.0,
0XXXOOOXO,0.0,
0XXXOOOOX,0.0,
0XXO0000O,30.031556973937683,-8.977872444268586,-39.90180342695791,-14.370865766526418,-29.822031114154235,
0XXO000XO,15.607795090813475,5.7549522251035885,-37.82355795801898,-38.83077787034146,
0XXO000O0,6.550241308875815,-9.45175599722612,-7.234309850986119,11.39411114779102,-17.97292842266729,
0XXO000OX,-2.6324016186297574,4.185133428275398,1.3066273976452214,-3.873270290003097,
0XXO00X0O,-6.795011463512715,20.227905909245333,-7.954516045043844,-36.26784586252734,
0XXO00XO0,-21.07743423560963,-5.756422363560185,19.81737469665485,-11.468040758955585,
0XXO00XOO,3.556592300740599,-6.512494795136278,1.899611316744884,
0XXO00O0X,53.998369623855815,-42.09911637451113,-38.074745181355766,-57.13749169691215,
0XXO00OX0,51.98400505059929,-41.123866221078586,-35.078908697348844,-58.168361672470176,
0XXO00OXO,7.831455285042951,5.84093016390057,-46.51249479513622,
0XXO00OOX,-9.08212263015314,-60.90753560328392,22.864318320708264,
0XXO0X00O,27.57839306270072,-17.17463065966575,-11.778697976419227,-34.65213157401833,
0XXO0X0O0,-6.307715353812531,-27.73473549611486,21.773531323955115,-13.077677288241723,
0XXO0X0OO,-2.1504888677832126,-44.48006694172139,15.731074132995477,
0XXO0XXOO,7.999999999993324,-8.000000000003025,
0XXO0XO0O,31.86431832070833,-68.85742553732604,-18.07405750915413,
0XXO0XOXO,156.00000001214906,-156.00000001592733,
0XXO0XOO0,5.930355209856146,-90.51249479513622,7.930237783702255,
0XXO0O00X,-9.356700093626714,28.69322893417907,-24.296390712105033,-55.572870498185445,
0XXO0O0XO,17.53193847397512,-4.203301498560777,-38.94188144555479,
0XXO0O0OX,6.890687372893764,6.890687372893733,-54.999999999999986,
0XXO0OX0O,-5.109312627106257,18.79669850143923,-50.70135286778087,
0XXO0OXXO,-162.00000000744143,162.0000000139927,
0XXO0OXO0,6.886407687606968,6.886407687606968,-53.99999999999995,
0XXO0OXOX,-161.99999998978254,162.0000000149821,
0XXO0OO0X,71.86431832070917,-58.068629494824584,-108.0835512959992,
0XXO0OOX0,2.930355209856189,10.92980608622838,-89.19868071839993,
0XXO0OOXX,3.9999999999999662,-3.9999999999999813,
0XXOX000O,2.2136810966285436,-19.814866571724686,0.8255061230573779,6.786255154622129,
0XXOX00O0,0.24067133888126646,-30.54086624184165,19.07679017816484,-21.308714516471106,
0XXOX00OO,20.68724334626163,-46.272702293584956,-7.129310560418319,
0XXOX0O0O,-8.06920545883058,-91.08266097422798,21.928436874805485,
0XXOX0OO0,54.91644870400169,-106.15048886778295,-41.06865192287746,
0XXOX0OOX,162.00000001770678,-162.0000000098564,
0XXOXX0OO,-162.00000002636807,162.00000003908175,
0XXOXXO0O,30.000000000000007,-30.000000000000114,
0XXOXXOO0,-60.00000000000019,60.00000000000048,
0XXOXO00O,-1.1193613920874634,11.917339025771897,-19.10038868325507,
0XXOXO0O0,13.000000000000004,-8.478612732730443,-8.47861273273048,
0XXOXO0OX,-1.9999999999519724,2.0000000000587104,
0XXOXOO0X,162.0000000149821,-162.0000000049805,
0XXOXOOOX,0.0,
0XXOO000X,-44.020243489951824,64.53793849155402,-65.05601979182785,-78.05964444962501,
0XXOO00XO,52.849511132216605,-39.069355400841644,-87.16854471495711,
0XXOO00OX,6.809445959522477,6.809445959522503,-43.999999999999915,
0XXOO0X0O,69.78262925887893,-56.0688035551038,-98.08687440270731,
0XXOO0XXO,-155.9999999938877,155.99999996585746,
0XXOO0XO0,70.9178773698494,-57.0685507976728,-123.08512997854481,
0XXOO0XOX,-161.99999999088243,161.99999999999997,
0XXOO0O0X,16.92996458843934,-3.0690826950210024,-94.20114506958274,
0XXOO0OX0,70.56927921689504,-57.069141010574064,-90.08512997854145,
0XXOO0OXX,161.99999987535995,-161.99999992225204,
0XXOOX00O,44.19070196379834,-40.21737074111971,-35.159069836099405,
0XXOOX0XO,162.00000001710072,-162.00000000381522,
0XXOOX0O0,10.801319281599941,-4.47861273273048,-9.480066941721422,
0XXOOXX0O,162.0,-161.99999999088243,
0XXOOXXO0,-18.000000001721702,17.99999998958398,
0XXOOXXOO,0.0,
0XXOOXOX0,162.0,-161.99999999088243,
0XXOOXOXO,0.0,
0XO000X0O,-18.201521491033223,-20.2746678618188,-14.000320551111642,32.354649822984925,-35.52717632752905,
0XO000XXO,-47.15463302417214,-60.176326139547214,0.9342521822219729,20.845747266055874,
0XO000XO0,-51.14618489111264,74.11644101944766,-77.1600802674004,-61.15567526320007,-69.15871481121184,
0XO000XOX,14.747032324882074,-0.4822453422890405,-6.659911919822865,-28.04080325866404,
0XO000O0X,-109.13713508765338,-114.13715299721532,126.82363850810886,-130.13717503080045,-109.13713508765352,
0XO000OX0,-15.050331655077754,-10.77356175042384,26.6620737296966,-18.193159119522512,-16.103010254923788,
0XO000OXX,-35.10627777975405,-38.13205743006559,50.444649383959636,-52.18734795675665,
0XO00XX0O,-13.94386156321345,-7.2400900341112395,22.597179873068498,-26.50543876062101,
0XO00XXO0,-7.848660197838709,14.689372827899984,-0.5132136004368082,-21.89783549613822,
0XO00XXOO,-7.746388488263202,14.801319281599934,-12.478612732730486,
0XO00XO0X,-16.26820026729859,-28.715871266684687,34.74155368772678,-41.852208485674005,
0XO00XOX0,-31.858958910260018,-14.222606708984506,33.6991848671707,-40.94040340651741,
0XO00XOXO,-42.21737074111961,-35.142718135887314,44.89961131674501,
0XO00XOOX,-39.31275665373825,-30.16854471495706,40.51993305827853,
0XO00OX0X,-14.54674266661099,-0.5553506160400636,2.1683576868877408,6.733233741109256,
0XO00OXOX,36.80131928159995,-32.366032377126785,-28.26892586700456,
0XO00OOXX,-27.135681679291707,-43.39681289864915,39.092464396715975,
0XO0X0X0O,-173.01387807823272,-170.01387804251556,171.4571165210001,-152.01387734664172,
0XO0X0XO0,-12.711952404271402,-17.015543571025123,23.164139560104083,-12.711952404271464,
0XO0X0XOO,-89.08082974391681,-60.069205458829835,73.39584404341686,
0XO0X0O0X,-3.7431329747172626,15.847506852475252,-20.382165776876484,-6.150296837899074,
0XO0X0OOX,-105.06935540083525,99.40169570028051,-87.06866493541987,
0XO0XXXOO,-116.0,116.00000000089827,
0XO0XXO0O,-50.27270229358501,20.76710333307033,-7.1093126271062115,
0XO0XXOO0,-28.19868071840007,2.4455982898620334,10.21502488592277,
0XO0XXOOX,-6.99999999999276,7.000000000014599,
0XO0XOXO0,-19.15048886778319,-41.78497511407716,31.88063860791261,
0XO0XOXOX,85.00000000007134,-85.0,
0XO0XOO0X,-76.07101305392162,-76.07101305392153,83.00000000000132,
0XO0O0X0X,-54.12470516325087,-38.06575534187602,-45.10297919527939,54.68877482620236,
0XO0O0XXO,14.776276573802264,-26.48006694172131,-2.5544017101377836,
0XO0O0XOX,-7.396812898649178,19.662191695169703,-29.27270229358502,
0XO0OXX0O,46.14257446267373,-33.08355129599808,-58.25002747357871,
0XO0OXXXO,162.0,-161.99999999088243,
0XO0OXXO0,12.06311028405997,0.445598289862027,-27.44340769925938,
0XO0OXXOX,0.0,0.0,
0XO0OOX0X,-94.08880193563976,68.73107413299678,-55.06893898151633,
0XOX00X0O,-19.043069966813523,-48.50150421944977,40.415506337236536,-75.52581188265135,
0XOX00XO0,17.552067470521173,-17.636178432062685,-2.981218082514918,-12.258446312273163,
0XOX00XOO,23.904114811814022,-70.74638848826311,-10.073531456894337,
0XOX00O0X,-65.04333448310294,67.67839331563648,-52.03000636449867,-57.037217415734005,
0XOX00OXO,-64.65885645728025,34.79669850143922,-21.07677584151386,
0XOX00OOX,-24.554401710137963,30.487505204863808,-23.509167873786303,
0XOX0XXOO,9.99999999998393,-10.000000000005915,
0XOX0XO0O,-70.2033014985608,49.603187101350834,-36.073055441276495,
0XOX0XOXO,-156.0000000104905,156.00000001214906,
0XOX0XOO0,-76.39681289864917,40.85728186411251,-27.071013053919692,
0XOX0XOOX,-157.99999999271063,158.00000000915279,
0XOX0OXO0,43.88640768760685,-84.31275665373825,-30.069644790143734,
0XOX0OXOX,78.00000000002912,-78.0,
0XOX0OO0X,-40.16854471495699,46.48750520486372,-39.159069836099334,
0XOX0OOX0,-65.02398284038013,29.8495111322168,-16.07677584151377,
0XOX0OOXX,-162.00000000075443,161.99999999529444,
0XOXX0XOO,-162.00000002245446,161.99999999529444,
0XOXX0O0O,-90.4434076992593,12.929806086228329,0.9305576050740809,
0XOXX0OO0,-45.47861273273046,19.687243346261692,-6.135681679291775,
0XOXX0OOX,2.000000000997445,-1.9999999991833075,
0XOXXOXO0,-116.00000000005042,116.0,
0XOXXOO0X,6.999999999554762,-7.000000000221199,
0XOXXOOOX,0.0,
0XOXO0X0O,50.91644870400181,-37.06871277503636,-102.19055404047685,
0XOXO0XXO,-11.999999999999972,11.99999999999999,
0XOXO0XO0,50.22046514612163,-40.10931262710588,-48.15906983609906,
0XOXO0XOX,141.00000000880928,-141.0,
0XOXOXX0O,162.00000000000006,-161.99999999088243,
0XOXOXXO0,92.00000000014478,-92.0,
0XOXOXXOO,0.0,
0XOXOOX0X,5.000000000518112,-4.999999999685919,
0XOXOOXOX,0.0,
0XOO0000X,-35.852232602887284,38.924206259515046,-65.91789121947498,-19.57435874616429,-19.574358746164258,
0XOO000XX,-20.196033070741706,11.629386519361171,-28.436708483639322,7.862053083353732,
0XOO00X0X,-24.400057796910943,16.16777837872221,-9.470523138051053,-1.065568678940405,
0XOO00XXO,-53.598304299661244,24.767103333070306,-11.095885188185886,
0XOO00XOX,7.401695700338723,3.662191695169734,-19.049916888216455,
0XOO00OXX,-42.069355400841744,55.82099435711366,-87.14271813588759,
0XOO0X00X,-8.33092996385427,-11.699606264658444,22.825506123057163,-31.54288349285909,
0XOO0X0XO,-19.604155956580165,27.387919360914175,-22.78497511407722,
0XOO0X0OX,7.341143542719752,5.395844043419822,-28.51249479513627,
0XOO0XX0O,-28.049916888216444,4.395844043419838,8.281036187833532,
0XOO0XXXO,-94.0,94.00000000015805,
0XOO0XXO0,0.0,0.0,0.0,
0XOO0XXOX,0.0,0.0,
0XOO0XO0X,13.710229641050681,-0.17900564288643595,-42.100388683255105,
0XOO0XOXX,17.999999999999957,-17.999999999999904,
0XOO0O0XX,-56.93688971593994,-17.08687440270642,30.73107413299542,
0XOO0OX0X,-47.198680718400006,10.820994357113497,2.8572818641126227,
0XOOX000X,4.120253713263605,-24.6776513381689,4.12025371326353,2.6524249384093155,
0XOOX00OX,18.487505204863744,-12.462395777230103,-13.59830429966129,
0XOOX0X0O,-151.06908269504692,-91.06852956893385,104.90671495426623,
0XOOX0XO0,-23.09875800370881,-51.55440171013787,36.341143542719784,
0XOOX0XOX,124.00000000152406,-124.0,
0XOOX0O0X,35.924008733081216,-94.60415595658012,-22.068938981515434,
0XOOXX00O,-9.223723426198097,-16.082660974228062,17.556592300740608,
0XOOXX0O0,2.2810361878335623,-25.198680718400066,9.97601715961981,
0XOOXX0OX,94.00000000015805,-94.0,
0XOOXXX0O,-108.0,108.00000000038666,
0XOOXXXO0,0.0,0.0,
0XOOXXXOO,0.0,
0XOOXXO0X,162.0000000149821,-162.00000000458897,
0XOOXXOOX,0.0,
0XOOXO00X,7.058118554445134,1.7272977064149586,-12.61208063908574,
0XOOXOX0X,-29.000000000079094,28.999999998561496,
0XOOXOXOX,0.0,
0XOOO00XX,-126.07223494271848,-72.0685449393161,85.88640768759493,
0XOOO0X0X,-127.07101305390772,-76.0685433458181,89.87068943957287,
0XOOOX00X,-54.65885645728024,34.56927921689288,-21.090931756863036,
0XOOOX0XX,-162.0000000063712,161.99999999529444,
0XOOOXX0X,-111.0,111.00000000047943,
0XOOOXXXO,0.0,
0XOOOXXOX,0.0,
0O000OX0X,-151.13705808522923,-155.13705831025445,-149.13705793410725,-156.1370583537958,166.34030523365777,
0O00XOX0X,2.7412277447848252,13.211370034305329,-24.61408076893968,-9.705151471208795,
0O00XOXXO,-41.15906983609935,47.4875052048639,-40.15048886778315,
0O00XOXOX,-4.701352867780791,-8.480066941721464,10.387919360914177,
0O00XOOXX,27.487505204863727,-20.658856457280233,-21.71896381216642,
0O0X0OX0X,-2.8965804024933717,12.702221187624989,-6.523206193409616,-9.963346742988668,
0O0X0OXXO,14.776276573801903,-2.5544017101379612,-26.480066941721404,
0O0X0OXOX,-6.072234942721067,-74.47861273273028,19.917877369846842,
0O0X0OOXX,8.537604222769843,-20.612080639085786,2.88063860791251,
0O0XXOX0O,12.85728186411254,0.8906873728937961,-52.44340769925928,
0O0XXOXXO,-161.99999999687356,161.99999999088246,
0O0XXOXO0,6.190701963798375,-0.4800669417214276,-7.198680718400058,
0O0XXOXOX,-12.000000000023118,11.999999999923276,
0O0XXOO0X,47.48750520486372,-40.150488867783224,-41.1590698360994,
0O0XXOOXX,80.00000000004292,-80.0,
0O0XOOX0X,10.930794541169387,-98.19868071840004,2.9310178166073344,
0O0OXOX0X,5.092464396716054,5.092464396716065,-15.999999999999961,
0OX000X0O,-12.296681673481546,-40.960665259530494,37.90201596817408,-46.97941484213268,-33.91840908241829,
0OX000XXO,-25.21455537889284,-30.31937853260805,41.43655369026207,-45.44347960091368,
0OX000XO0,13.182396677654884,-9.4908615895357,6.497479801665524,-18.0100518194829,-12.738587362586724,
0OX000XOX,-65.0493086078434,-74.0522674967588,66.07679017816439,-46.020913834989436,
0OX000O0X,-154.13705695877616,-171.13705737205487,-157.13705708983267,174.32335154469288,-170.1370573623402,
0OX000OXX,7.454311149517943,-7.388952366399815,-21.484874451067668,7.454311149517906,
0OX00XX0O,-38.12259975369803,-52.1779424526147,50.952042952256285,-36.10627777975418,
0OX00XXO0,-55.054719108885834,-61.060830046650025,63.10216450386143,-46.034924486634125,
0OX00XXOO,-44.118319966443984,-46.12931056041849,51.9500831117837,
0OX00XOXO,-22.049916888216444,7.776276573801901,3.976017159619838,
0OX00OX0X,-41.97079781790166,-18.51047501368233,8.939724210940959,10.83577777947734,
0OX00OXXO,8.48750520486375,-4.4800669417214465,-5.779534853878325,
0OX00OXOX,-45.10543862866999,-49.123542233497105,53.801319281600335,
0OX00OOXX,8.281036187833537,-28.049916888216448,4.395844043419823,
0OX0X0O0X,18.354767823491606,-16.291754204669726,-1.374394518663964,-21.545688850314704,
0OX0X0OXO,-47.512494795136206,7.840930163900595,5.84951113221676,
0OX0X0OOX,-23.857425537325987,27.190701963798357,-18.554401710137952,
0OX0XXO0O,-56.47861273273044,19.849511132216755,-6.090931756863017,
0OX0XXOXO,-125.0,125.00000000185116,
0OX0XXOO0,-36.100388683255076,13.531938473975128,-0.2689258670045247,
0OX0XOO0X,101.99999999993156,-95.0688998906679,-95.06889989066788,
0OX0XOOXX,101.00000000027366,-101.0,
0OX0O0X0X,-59.21692311874517,-41.171699724677595,-31.077955833836466,49.418546954872454,
0OX0O0XXO,125.88063860655126,-113.06853500217457,-135.0685896361305,
0OX0O0OXX,-82.06893898151682,-94.06989199066551,93.29864713221839,
0OX0OXX0O,2.395844043420053,-27.19868071839995,10.14257446267425,
0OX0OXXXO,143.0,-142.99999999972192,
0OX0OOX0X,-90.10931262710558,-48.06914101057292,61.782629258880455,
0OXX00X0O,15.318514172117421,5.575905432435785,-46.98163391535343,-26.785669427680592,
0OXX00XOO,7.809445959522462,5.820994357113544,-44.51249479513623,
0OXX00O0X,-8.759985001467307,12.843172158475047,1.1048032854791567,-16.435465605305712,
0OXX00OXO,-22.7795348538783,-1.7849751140772288,13.401695700338689,
0OXX00OOX,-49.48006694172137,15.809445959522508,-2.118319966443807,
0OXX0XXOO,-158.99999998657842,158.99999999892287,
0OXX0XO0O,-56.598304299661216,24.80944595952251,-11.08880193563893,
0OXX0XOXO,-86.0,86.00000000008632,
0OXX0XOO0,-65.10038868325508,13.909068243137005,-0.07965974800522635,
0OXX0OX0O,-5.51249479513625,3.1907019637984018,1.556592300740599,
0OXX0OXXO,7.999999999994481,-8.000000000002489,
0OXX0OXO0,-1.1054386286700106,14.849511132216783,-52.77953485387826,
0OXX0OXOX,-161.99999999985098,162.00000000069875,
0OXX0OO0X,9.063110284059963,3.2810361878335472,-25.61208063908577,
0OXX0OOXX,0.0,0.0,
0OXXX0O0O,-70.7849751140772,32.87068943958165,-19.073055441276523,
0OXXX0OXO,-109.0,109.00000000035013,
0OXXX0OO0,-51.44340769925935,0.8864076876069615,12.849511132216783,
0OXXX0OOX,-7.999999999999666,8.000000000000819,
0OXXXOO0X,89.00000000013216,-89.0,
0OXXXOOXO,0.0,
0OXXXOOOX,0.0,
0OXXO0X0O,47.74997252642133,-74.23289666692968,-34.07156312519455,
0OXXO0XXO,162.0,-161.99999999088243,
0OXXO0O0X,-91.09588518818576,65.73107413299516,-52.06908269502102,
0OXXO0OXX,-146.0,146.00000002233224,
0OXXOXX0O,145.99999994999217,-145.9999999503369,
0OXXOXOXO,0.0,
0OXXOOX0X,-162.00000001105465,161.99999999088246,
0OXXOOXXO,0.0,
0OXXOOOXX,0.0,
0OXO00X0X,-27.12939640193648,24.345259439373812,-10.214637304645663,-13.520973395407585,
0OXO00XXO,-11.223723426198058,18.801319281599902,-15.746388488263158,
0OXO00XOX,-64.77953485387818,-1.0796597480051318,14.906714954222071,
0OXO00OXX,4.921399026057127,-68.04991688821639,8.91917025608231,
0OXO0XX0O,-3.9368897159400404,14.72729770641494,-20.201145069582704,
0OXO0XXXO,-95.0,95.0000000001595,
0OXO0OX0X,-62.04991688821639,4.913125597293603,8.90906824313693,
0OXOX0O0X,43.91119806436026,-30.06902992863312,-92.31275665373747,
0OXOX0OXX,161.99999999797566,-161.9999999838099,
0OXOXXOXO,0.0,
0OXOXOOXX,0.0,
0OXOO0X0X,-95.77953485387816,-1.0690299286339788,14.930355209856149,
0OXOOXXXO,0.0,
0OO000X0X,-101.13705802769627,-165.1371591597873,-145.1371580844093,-162.13715910090036,128.70242125499945,
0OO00XX0X,34.76208437970335,-75.89938019237457,-29.73203765626117,-15.19718417336567,
0OO00XXXO,34.40169570033872,-22.159069836099334,-40.60415595658006,
0OO00XXOX,15.142574462674055,-30.48006694172136,-2.396812898649153,
0OO00XOXX,15.687243346261706,-42.48006694172141,-2.1685447149570347,
0OO0X0X0X,63.70123899290453,-72.06263131615331,-68.06141491960491,-43.020067800368444,
0OO0X0XXO,2.058118554445356,-10.049916888216313,5.519933058278782,
0OO0X0XOX,38.80131928159989,-34.31275665373826,-30.232896666929562,
0OO0X0OXX,85.6621916951701,-93.07188225813104,-73.06898218339416,
0OO0XXX0O,-13.088801935638932,26.7826292588803,-56.33780830483026,
0OO0XXXXO,162.0,-161.99999999088243,
0OO0XXXOX,162.00000001710072,-161.99999999656978,
0OO0XXO0X,5.840930163900579,7.831455285042947,-46.5124947951362,
0OO0XXOXX,162.00000003908175,-162.00000000647356,
0OO0XOX0X,4.876457766502899,-51.049916888216345,8.864318320708243,
0OO0OXX0X,-58.068899890678985,-95.08355129599752,71.68724334626222,
0OOX00X0X,60.77534664412646,-51.06228021677113,-69.07912390819806,-43.03749812636936,
0OOX00XXO,51.89068737289392,-93.17900564288655,-38.06898218339278,
0OOX00XOX,52.78262925887991,-39.07003541156054,-81.168544714957,
0OOX00OXX,1.633967622873257,11.445598289862035,-32.80929803620157,
0OOX0XX0O,18.870689439581643,-5.086874402706411,-58.70135286778081,
0OOX0XXXO,161.99999999088246,-162.00000000883523,
0OOX0XXOX,-14.000000000000023,14.00000000000003,
0OOX0XO0X,-49.07077661485327,62.34114354271988,-77.10543862866963,
0OOX0XOXX,5.9999999999999885,-5.999999999999986,
0OOX0OX0X,-19.074057509154024,-68.78497511407717,32.857281864112466,
0OOXX0X0O,15.930237783702195,-2.0690299286340226,-95.48006694172142,
0OOXX0XXO,-56.999999999979224,56.99999999997807,
0OOXX0XOX,161.99999998454427,-161.9999999935132,
0OOXX0O0X,-2.2689258670044934,15.445598289862005,-35.48006694172138,
0OOXX0OXX,162.00000001710072,-162.00000000548042,
0OOXXOX0X,161.99999999797566,-161.9999999917797,
0OOXXOXOX,0.0,
0OOXXOOXX,0.0,
0OOXO0X0X,-29.06857371174153,-116.33809912448262,42.92980608622838,
0OOXOXX0X,-154.9999999389484,154.9999999275957,
0OOXOXXXO,0.0,
0OOO0XX0X,6.8094459595225,-43.99999999999998,6.809445959522499,
0OOOX0X0X,17.831455285042917,-52.94188144555487,-4.101931996104213,
0OOOXXX0X,162.00000001710072,-162.00000000461628,
0OOOXXXXO,0.0,
0OOOXXXOX,0.0,
0OOOXXOXX,0.0,
X0X000XOO,0.4792835720068944,-12.617602648952397,14.075413324434507,-13.707020926843441,
X0X000O0O,175.0869007867406,-169.1370572912125,-168.13705727934598,-173.13705732840913,-151.1370567214789,
X0X000OXO,34.13379660300393,-18.442229825869244,-32.831709988359115,-24.677293986645328,
X0X000OOX,-1.5054387600832553,-9.853828365599586,15.281316819910206,-16.400057796466047,
X0X00XO0O,-18.174072922270476,-35.60712633961056,-40.64432982940587,37.41270861852141,
X0X00OXOO,-66.10931262709926,60.401695700331416,-48.07528130140965,
X0X00OO0X,-3.89658040245934,-9.747624499520942,13.126729710063932,-6.2976668135672735,
X0X00OOXO,29.220465146121644,-19.396812898649163,-27.78497511407718,
X0X00OOOX,85.05811855445157,-85.07156312521509,-74.06953853739789,
X0X0X0O0O,-153.01387726648093,-182.0138779793201,-171.0138778961336,172.99497441764862,
X0X0XOO0O,26.86431832070822,-64.33780830483016,-13.077642858938221,
X0X0XOOXO,86.00000000008632,-86.0,
X0X0O0X0O,5.944816840045003,4.385919237425453,-13.98964037212587,-2.4652656144387586,
X0X0O0XOO,-113.06852853234616,126.87645776503012,-165.06858963533105,
X0X0O0OXO,125.38791936054048,-120.06856937994277,-117.06855870534925,
X0X0O0OOX,-150.06852830804868,-181.06852975868176,163.49083216647762,
X0X0OXXOO,162.0,-161.99999999088243,
X0X0OXO0O,68.7826292588789,-97.0888019356386,-55.06883251459974,
X0X0OXOXO,127.00000000269182,-127.0,
X0X0OOXXO,-162.0000000111607,161.9999999667828,
X0X0OOXOX,13.00000000000003,-13.000000000000034,
X0X0OOO0X,169.06311029836172,-156.0685282493416,-180.0685290073922,
X0X0OOOXX,-161.99999999088243,162.0,
X0XX00O0O,-34.04721890743032,-54.14249938413289,-52.139212728008985,53.3576031894956,
X0XX0OO0O,40.60318710135062,-61.39681289864913,-27.07965974800509,
X0XX0OOXO,75.00000000002007,-75.0,
X0XX0OOOX,12.00000000013689,-11.999999999958721,
X0XXXOO0O,-161.99999999088243,162.0,
X0XXO0O0O,23.906714954222142,-71.74638848826325,-10.073055441276505,
X0XXO0OXO,119.00000000047521,-119.0,
X0XXOXO0O,-88.99999999999378,89.0,
X0XXOOO0X,161.00000006071326,-161.0,
X0XXOOOXO,0.0,
X0XXOOOOX,0.0,
X0XO00X0O,1.192253801031039,12.984005050609284,-6.372994941753618,-24.718683181145295,
X0XO00XOO,-51.095885188184894,58.4875052048628,-52.09875800370797,
X0XO00OXO,34.19070196379838,-30.46806152602486,-25.31275665373832,
X0XO0XXOO,3.9999999998891256,-4.00000000007438,
X0XO0XO0O,42.7310741329954,-68.33809912448253,-29.07405750915405,
X0XO0XOXO,95.0000000001595,-95.0,
X0XO0OX0O,98.89806800389974,-85.06853157508694,-142.0695385373213,
X0XO0OXXO,-162.0000000190084,162.0000000149821,
X0XO0OXOX,-162.00000000992537,161.99999999529444,
X0XO0OO0X,-83.0685350023732,96.87645776651476,-135.0697622162915,
X0XO0OOXX,-161.9999999934274,161.99999999797566,
X0XOX0O0O,89.8409301638896,-123.0710130539245,-76.06855079767381,
X0XOX0OXO,97.00000000020624,-97.0,
X0XOXXO0O,-161.99999999088243,162.0,
X0XOXOOXO,0.0,
X0XOO0X0O,168.5319384802826,-155.0685282362283,-187.06852912003168,
X0XOO0XXO,-161.99999999088243,162.0,
X0XOOXX0O,162.00000006318146,-162.0,
X0XOOXXOO,0.0,
X0XOOXOXO,0.0,
X0O000O0X,-20.357617345835983,-11.949313204283445,26.26227305952133,-15.143566064217307,-11.949313204283436,
X0O000OXX,-57.037296538928445,-57.037296538928345,67.6554352871861,-56.03612784315597,
X0O00XO0X,-35.09806541818996,-58.187347956756845,50.882615272147184,-38.12386622107873,
X0O00XOXO,-39.31275665373822,-30.168544714956962,40.51993305827846,
X0O00XOOX,-40.12931056041798,-44.15906983609907,48.80131928159986,
X0O00OOXX,-49.11831996644382,-46.10543862866996,54.38791936091468,
X0O0X0OXO,98.80944595951347,-129.06953853736584,-85.06854059933187,
X0O0XXO0O,-143.0722349427271,-72.06853125342938,85.92322415849101,
X0O0XXOXO,10.000000000249685,-9.99999999990812,
X0OX00OXO,-57.44340769925934,0.9067149542221911,12.88640768760709,
X0OX00OOX,-50.15048886778319,51.5199330582784,-41.10193199610418,
X0OX0XO0O,-86.46806152602477,38.90906824313697,-25.069442394925836,
X0OX0XOXO,-162.0000000108752,161.99999999088246,
X0OX0XOOX,-162.00000000042826,162.00000000915279,
X0OX0OO0X,-73.07156312519089,80.48750520486433,-74.07188225812588,
X0OX0OOXX,-161.999999999213,161.99999999088246,
X0OXX0O0O,-65.36603237712667,41.68724334626169,-28.075991266918813,
X0OXX0OXO,-161.99999999879844,161.99999999529444,
X0OO00XXO,-14.598304299661283,-12.33780830483028,18.950083111783567,
X0OO00XOX,-90.070193913791,90.7988549304193,-80.069141010593,
X0OO00OXX,-55.093285045778366,60.950083111782874,-53.08880193563938,
X0OO0XX0O,0.0,0.0,0.0,
X0OO0XXXO,0.0,0.0,
X0OO0XXOX,-115.0,115.00000000081766,
X0OO0XOXX,-162.00000001717058,162.0000000149821,
X0OOX0X0O,-20.119361392087505,23.801319281599845,-15.784975114077234,
X0OOX0XXO,-114.00000000010058,114.0,
X0OOXXX0O,0.0,0.0,
X0OOXXXOO,0.0,
X0OOXXOXO,0.0,
X0OOOXXXO,0.0,
X0OOOXXOX,0.0,
XXO000OXO,-79.31275665373838,43.85728186411265,-30.070369082883367,
XXO000OOX,-50.093285045777385,58.3879193609137,-53.10193199610377,
XXO00XO0O,-55.443407699259325,12.876457766502924,0.9012419962911442,
XXO00XOXO,-161.99999998631435,162.0000000149821,
XXO00XOOX,-161.99999999340656,162.00000001710072,
XXO00OOXX,-162.0000000093421,162.0000000149821,
XXO0X0O0O,-124.06893898153542,-94.06854864670586,107.44559828990255,
XXO0XXO0O,-162.00000000458184,162.0000000149821,
XXOX00O0O,6.556592300740966,-8.198680718399846,-0.20114506958250367,
XXOX00OXO,-4.999999999999995,5.000000000000005,
XXOX00OOX,161.99999999088246,-161.99999999180943,
XXOX0XO0O,-10.000000000000025,10.000000000000021,
XXOX0OOOX,0.0,
XXOXX0O0O,-19.00000000000004,19.000000000000025,
XXOO00X0O,-12.223723426198116,19.387919360914143,-15.59830429966129,
XXOO00XXO,-86.0000000000019,86.0,
XXOO00XOX,104.00000000041518,-104.0,
XXOO0XX0O,0.0,0.0,
XXOO0XXOO,0.0,
XXOO0XOXO,0.0,
XXOO0XOOX,0.0,
XXOO0OXOX,0.0,
XXOO0OOXX,0.0,
XXOOX0X0O,103.0,-102.99999999998664,
XXOOX0XOO,0.0,
XXOOXXXOO,
XXOOXXO0O,0.0,
XXOOO0XXO,0.0,
XXOOO0XOX,0.0,
XXOOOXX0O,0.0,
XXOOOXXXO,
XXOOOXXOX,
XOX0XOOXO,0.0,
XOXX0OOXO,0.0,
XOXX0OOOX,0.0,
XOXXXOO0O,0.0,
XOXXXOOXO,
XOXO0OXOX,0.0,
XOO0XXOXO,0.0,
XOOX0XOXO,0.0,
XOOX0XOOX,0.0,
XOOXX0OXO,0.0,
OXOX0XOXO,0.0,
